0.00 0.00 0.00 0.00 0.00 0.00 0.00 0.00 0.00 0.00 0.00
0.00 0.07 -0.05 0.01 -0.00 0.00 -0.00 0.00 -0.00 0.00 0.00
0.00 -0.05 0.09 -0.06 0.01 -0.00 0.00 -0.00 0.00 -0.00 0.00
0.00 0.01 -0.06 0.09 -0.06 0.01 -0.00 0.00 -0.00 0.00 0.00
0.00 -0.00 0.01 -0.06 0.09 -0.06 0.01 -0.00 0.00 -0.00 0.00
0.00 0.00 -0.00 0.01 -0.06 0.09 -0.06 0.01 -0.00 0.00 0.00
0.00 -0.00 0.00 -0.00 0.01 -0.06 0.09 -0.06 0.01 -0.00 0.00
0.00 0.00 -0.00 0.00 -0.00 0.01 -0.06 0.09 -0.06 0.01 0.00
0.00 -0.00 0.00 -0.00 0.00 -0.00 0.01 -0.06 0.09 -0.05 0.00
0.00 0.00 -0.00 0.00 -0.00 0.00 -0.00 0.01 -0.05 0.07 0.00
0.00 0.00 0.00 0.00 0.00 0.00 0.00 0.00 0.00 0.00 0.00
