0.00 0.27 0.52 0.71 0.84 0.88 0.84 0.71 0.52 0.27 0.00
0.00 0.27 0.52 0.71 0.84 0.88 0.84 0.71 0.52 0.27 0.00
0.00 0.27 0.52 0.71 0.83 0.88 0.83 0.71 0.52 0.27 0.00
0.00 0.27 0.52 0.71 0.83 0.88 0.83 0.71 0.52 0.27 0.00
0.00 0.27 0.52 0.71 0.83 0.88 0.83 0.71 0.52 0.27 0.00
0.00 0.27 0.51 0.71 0.83 0.88 0.83 0.71 0.51 0.27 0.00
0.00 0.27 0.51 0.71 0.83 0.87 0.83 0.71 0.51 0.27 0.00
0.00 0.27 0.51 0.71 0.83 0.87 0.83 0.71 0.51 0.27 0.00
0.00 0.27 0.51 0.71 0.83 0.87 0.83 0.71 0.51 0.27 0.00
0.00 0.27 0.51 0.71 0.83 0.87 0.83 0.71 0.51 0.27 0.00
0.00 0.27 0.51 0.70 0.83 0.87 0.83 0.70 0.51 0.27 0.00
0.00 0.27 0.51 0.70 0.83 0.87 0.83 0.70 0.51 0.27 0.00
0.00 0.27 0.51 0.70 0.83 0.87 0.83 0.70 0.51 0.27 0.00
0.00 0.27 0.51 0.70 0.83 0.87 0.83 0.70 0.51 0.27 0.00
0.00 0.27 0.51 0.70 0.83 0.87 0.83 0.70 0.51 0.27 0.00
0.00 0.27 0.51 0.70 0.82 0.87 0.82 0.70 0.51 0.27 0.00
0.00 0.27 0.51 0.70 0.82 0.87 0.82 0.70 0.51 0.27 0.00
0.00 0.27 0.51 0.70 0.82 0.86 0.82 0.70 0.51 0.27 0.00
0.00 0.27 0.51 0.70 0.82 0.86 0.82 0.70 0.51 0.27 0.00
0.00 0.27 0.51 0.70 0.82 0.86 0.82 0.70 0.51 0.27 0.00
0.00 0.27 0.51 0.70 0.82 0.86 0.82 0.70 0.51 0.27 0.00
0.00 0.27 0.51 0.70 0.82 0.86 0.82 0.70 0.51 0.27 0.00
0.00 0.27 0.51 0.70 0.82 0.86 0.82 0.70 0.51 0.27 0.00
0.00 0.27 0.51 0.70 0.82 0.86 0.82 0.70 0.51 0.27 0.00
0.00 0.27 0.50 0.69 0.82 0.86 0.82 0.69 0.50 0.27 0.00
0.00 0.27 0.50 0.69 0.82 0.86 0.82 0.69 0.50 0.27 0.00
0.00 0.26 0.50 0.69 0.82 0.86 0.82 0.69 0.50 0.26 0.00
0.00 0.26 0.50 0.69 0.81 0.86 0.81 0.69 0.50 0.26 0.00
0.00 0.26 0.50 0.69 0.81 0.86 0.81 0.69 0.50 0.26 0.00
0.00 0.26 0.50 0.69 0.81 0.85 0.81 0.69 0.50 0.26 0.00
0.00 0.26 0.50 0.69 0.81 0.85 0.81 0.69 0.50 0.26 0.00
0.00 0.26 0.50 0.69 0.81 0.85 0.81 0.69 0.50 0.26 0.00
0.00 0.26 0.50 0.69 0.81 0.85 0.81 0.69 0.50 0.26 0.00
0.00 0.26 0.50 0.69 0.81 0.85 0.81 0.69 0.50 0.26 0.00
0.00 0.26 0.50 0.69 0.81 0.85 0.81 0.69 0.50 0.26 0.00
0.00 0.26 0.50 0.69 0.81 0.85 0.81 0.69 0.50 0.26 0.00
0.00 0.26 0.50 0.69 0.81 0.85 0.81 0.69 0.50 0.26 0.00
0.00 0.26 0.50 0.69 0.81 0.85 0.81 0.69 0.50 0.26 0.00
0.00 0.26 0.50 0.69 0.81 0.85 0.81 0.69 0.50 0.26 0.00
0.00 0.26 0.50 0.68 0.80 0.85 0.80 0.68 0.50 0.26 0.00
0.00 0.26 0.50 0.68 0.80 0.85 0.80 0.68 0.50 0.26 0.00
0.00 0.26 0.50 0.68 0.80 0.84 0.80 0.68 0.50 0.26 0.00
0.00 0.26 0.50 0.68 0.80 0.84 0.80 0.68 0.50 0.26 0.00
0.00 0.26 0.50 0.68 0.80 0.84 0.80 0.68 0.50 0.26 0.00
0.00 0.26 0.49 0.68 0.80 0.84 0.80 0.68 0.49 0.26 0.00
0.00 0.26 0.49 0.68 0.80 0.84 0.80 0.68 0.49 0.26 0.00
0.00 0.26 0.49 0.68 0.80 0.84 0.80 0.68 0.49 0.26 0.00
0.00 0.26 0.49 0.68 0.80 0.84 0.80 0.68 0.49 0.26 0.00
0.00 0.26 0.49 0.68 0.80 0.84 0.80 0.68 0.49 0.26 0.00
0.00 0.26 0.49 0.68 0.80 0.84 0.80 0.68 0.49 0.26 0.00
0.00 0.26 0.49 0.68 0.80 0.84 0.80 0.68 0.49 0.26 0.00
0.00 0.26 0.49 0.68 0.80 0.84 0.80 0.68 0.49 0.26 0.00
0.00 0.26 0.49 0.68 0.79 0.84 0.79 0.68 0.49 0.26 0.00
0.00 0.26 0.49 0.67 0.79 0.83 0.79 0.67 0.49 0.26 0.00
0.00 0.26 0.49 0.67 0.79 0.83 0.79 0.67 0.49 0.26 0.00
0.00 0.26 0.49 0.67 0.79 0.83 0.79 0.67 0.49 0.26 0.00
0.00 0.26 0.49 0.67 0.79 0.83 0.79 0.67 0.49 0.26 0.00
0.00 0.26 0.49 0.67 0.79 0.83 0.79 0.67 0.49 0.26 0.00
0.00 0.26 0.49 0.67 0.79 0.83 0.79 0.67 0.49 0.26 0.00
0.00 0.26 0.49 0.67 0.79 0.83 0.79 0.67 0.49 0.26 0.00
0.00 0.26 0.49 0.67 0.79 0.83 0.79 0.67 0.49 0.26 0.00
0.00 0.26 0.49 0.67 0.79 0.83 0.79 0.67 0.49 0.26 0.00
0.00 0.26 0.49 0.67 0.79 0.83 0.79 0.67 0.49 0.26 0.00
0.00 0.26 0.49 0.67 0.79 0.83 0.79 0.67 0.49 0.26 0.00
0.00 0.25 0.49 0.67 0.78 0.83 0.78 0.67 0.49 0.25 0.00
0.00 0.25 0.48 0.67 0.78 0.82 0.78 0.67 0.48 0.25 0.00
0.00 0.25 0.48 0.67 0.78 0.82 0.78 0.67 0.48 0.25 0.00
0.00 0.25 0.48 0.67 0.78 0.82 0.78 0.67 0.48 0.25 0.00
0.00 0.25 0.48 0.66 0.78 0.82 0.78 0.66 0.48 0.25 0.00
0.00 0.25 0.48 0.66 0.78 0.82 0.78 0.66 0.48 0.25 0.00
0.00 0.25 0.48 0.66 0.78 0.82 0.78 0.66 0.48 0.25 0.00
0.00 0.25 0.48 0.66 0.78 0.82 0.78 0.66 0.48 0.25 0.00
0.00 0.25 0.48 0.66 0.78 0.82 0.78 0.66 0.48 0.25 0.00
0.00 0.25 0.48 0.66 0.78 0.82 0.78 0.66 0.48 0.25 0.00
0.00 0.25 0.48 0.66 0.78 0.82 0.78 0.66 0.48 0.25 0.00
0.00 0.25 0.48 0.66 0.78 0.82 0.78 0.66 0.48 0.25 0.00
0.00 0.25 0.48 0.66 0.78 0.82 0.78 0.66 0.48 0.25 0.00
0.00 0.25 0.48 0.66 0.77 0.81 0.77 0.66 0.48 0.25 0.00
0.00 0.25 0.48 0.66 0.77 0.81 0.77 0.66 0.48 0.25 0.00
0.00 0.25 0.48 0.66 0.77 0.81 0.77 0.66 0.48 0.25 0.00
0.00 0.25 0.48 0.66 0.77 0.81 0.77 0.66 0.48 0.25 0.00
0.00 0.25 0.48 0.66 0.77 0.81 0.77 0.66 0.48 0.25 0.00
0.00 0.25 0.48 0.66 0.77 0.81 0.77 0.66 0.48 0.25 0.00
0.00 0.25 0.48 0.66 0.77 0.81 0.77 0.66 0.48 0.25 0.00
0.00 0.25 0.48 0.65 0.77 0.81 0.77 0.65 0.48 0.25 0.00
0.00 0.25 0.47 0.65 0.77 0.81 0.77 0.65 0.47 0.25 0.00
0.00 0.25 0.47 0.65 0.77 0.81 0.77 0.65 0.47 0.25 0.00
0.00 0.25 0.47 0.65 0.77 0.81 0.77 0.65 0.47 0.25 0.00
0.00 0.25 0.47 0.65 0.77 0.81 0.77 0.65 0.47 0.25 0.00
0.00 0.25 0.47 0.65 0.77 0.80 0.77 0.65 0.47 0.25 0.00
0.00 0.25 0.47 0.65 0.76 0.80 0.76 0.65 0.47 0.25 0.00
0.00 0.25 0.47 0.65 0.76 0.80 0.76 0.65 0.47 0.25 0.00
0.00 0.25 0.47 0.65 0.76 0.80 0.76 0.65 0.47 0.25 0.00
0.00 0.25 0.47 0.65 0.76 0.80 0.76 0.65 0.47 0.25 0.00
0.00 0.25 0.47 0.65 0.76 0.80 0.76 0.65 0.47 0.25 0.00
0.00 0.25 0.47 0.65 0.76 0.80 0.76 0.65 0.47 0.25 0.00
0.00 0.25 0.47 0.65 0.76 0.80 0.76 0.65 0.47 0.25 0.00
0.00 0.25 0.47 0.65 0.76 0.80 0.76 0.65 0.47 0.25 0.00
0.00 0.25 0.47 0.65 0.76 0.80 0.76 0.65 0.47 0.25 0.00
0.00 0.25 0.47 0.64 0.76 0.80 0.76 0.64 0.47 0.25 0.00
0.00 0.25 0.47 0.64 0.76 0.80 0.76 0.64 0.47 0.25 0.00
0.00 0.25 0.47 0.64 0.76 0.80 0.76 0.64 0.47 0.25 0.00
0.00 0.25 0.47 0.64 0.76 0.79 0.76 0.64 0.47 0.25 0.00
0.00 0.25 0.47 0.64 0.75 0.79 0.75 0.64 0.47 0.25 0.00
0.00 0.24 0.47 0.64 0.75 0.79 0.75 0.64 0.47 0.24 0.00
0.00 0.24 0.47 0.64 0.75 0.79 0.75 0.64 0.47 0.24 0.00
0.00 0.24 0.47 0.64 0.75 0.79 0.75 0.64 0.47 0.24 0.00
0.00 0.24 0.46 0.64 0.75 0.79 0.75 0.64 0.46 0.24 0.00
0.00 0.24 0.46 0.64 0.75 0.79 0.75 0.64 0.46 0.24 0.00
0.00 0.24 0.46 0.64 0.75 0.79 0.75 0.64 0.46 0.24 0.00
0.00 0.24 0.46 0.64 0.75 0.79 0.75 0.64 0.46 0.24 0.00
0.00 0.24 0.46 0.64 0.75 0.79 0.75 0.64 0.46 0.24 0.00
0.00 0.24 0.46 0.64 0.75 0.79 0.75 0.64 0.46 0.24 0.00
0.00 0.24 0.46 0.64 0.75 0.79 0.75 0.64 0.46 0.24 0.00
0.00 0.24 0.46 0.64 0.75 0.78 0.75 0.64 0.46 0.24 0.00
0.00 0.24 0.46 0.63 0.75 0.78 0.75 0.63 0.46 0.24 0.00
0.00 0.24 0.46 0.63 0.75 0.78 0.75 0.63 0.46 0.24 0.00
0.00 0.24 0.46 0.63 0.74 0.78 0.74 0.63 0.46 0.24 0.00
0.00 0.24 0.46 0.63 0.74 0.78 0.74 0.63 0.46 0.24 0.00
0.00 0.24 0.46 0.63 0.74 0.78 0.74 0.63 0.46 0.24 0.00
0.00 0.24 0.46 0.63 0.74 0.78 0.74 0.63 0.46 0.24 0.00
0.00 0.24 0.46 0.63 0.74 0.78 0.74 0.63 0.46 0.24 0.00
0.00 0.24 0.46 0.63 0.74 0.78 0.74 0.63 0.46 0.24 0.00
0.00 0.24 0.46 0.63 0.74 0.78 0.74 0.63 0.46 0.24 0.00
0.00 0.24 0.46 0.63 0.74 0.78 0.74 0.63 0.46 0.24 0.00
0.00 0.24 0.46 0.63 0.74 0.78 0.74 0.63 0.46 0.24 0.00
0.00 0.24 0.46 0.63 0.74 0.78 0.74 0.63 0.46 0.24 0.00
0.00 0.24 0.46 0.63 0.74 0.77 0.74 0.63 0.46 0.24 0.00
0.00 0.24 0.45 0.63 0.74 0.77 0.74 0.63 0.45 0.24 0.00
0.00 0.24 0.45 0.63 0.74 0.77 0.74 0.63 0.45 0.24 0.00
0.00 0.24 0.45 0.62 0.73 0.77 0.73 0.62 0.45 0.24 0.00
0.00 0.24 0.45 0.62 0.73 0.77 0.73 0.62 0.45 0.24 0.00
0.00 0.24 0.45 0.62 0.73 0.77 0.73 0.62 0.45 0.24 0.00
0.00 0.24 0.45 0.62 0.73 0.77 0.73 0.62 0.45 0.24 0.00
0.00 0.24 0.45 0.62 0.73 0.77 0.73 0.62 0.45 0.24 0.00
0.00 0.24 0.45 0.62 0.73 0.77 0.73 0.62 0.45 0.24 0.00
0.00 0.24 0.45 0.62 0.73 0.77 0.73 0.62 0.45 0.24 0.00
0.00 0.24 0.45 0.62 0.73 0.77 0.73 0.62 0.45 0.24 0.00
0.00 0.24 0.45 0.62 0.73 0.77 0.73 0.62 0.45 0.24 0.00
0.00 0.24 0.45 0.62 0.73 0.77 0.73 0.62 0.45 0.24 0.00
0.00 0.24 0.45 0.62 0.73 0.76 0.73 0.62 0.45 0.24 0.00
0.00 0.24 0.45 0.62 0.73 0.76 0.73 0.62 0.45 0.24 0.00
0.00 0.24 0.45 0.62 0.73 0.76 0.73 0.62 0.45 0.24 0.00
0.00 0.24 0.45 0.62 0.73 0.76 0.73 0.62 0.45 0.24 0.00
0.00 0.24 0.45 0.62 0.72 0.76 0.72 0.62 0.45 0.24 0.00
0.00 0.24 0.45 0.62 0.72 0.76 0.72 0.62 0.45 0.24 0.00
0.00 0.23 0.45 0.62 0.72 0.76 0.72 0.62 0.45 0.23 0.00
0.00 0.23 0.45 0.61 0.72 0.76 0.72 0.61 0.45 0.23 0.00
0.00 0.23 0.45 0.61 0.72 0.76 0.72 0.61 0.45 0.23 0.00
0.00 0.23 0.45 0.61 0.72 0.76 0.72 0.61 0.45 0.23 0.00
0.00 0.23 0.45 0.61 0.72 0.76 0.72 0.61 0.45 0.23 0.00
0.00 0.23 0.44 0.61 0.72 0.76 0.72 0.61 0.44 0.23 0.00
0.00 0.23 0.44 0.61 0.72 0.76 0.72 0.61 0.44 0.23 0.00
0.00 0.23 0.44 0.61 0.72 0.75 0.72 0.61 0.44 0.23 0.00
0.00 0.23 0.44 0.61 0.72 0.75 0.72 0.61 0.44 0.23 0.00
0.00 0.23 0.44 0.61 0.72 0.75 0.72 0.61 0.44 0.23 0.00
0.00 0.23 0.44 0.61 0.72 0.75 0.72 0.61 0.44 0.23 0.00
0.00 0.23 0.44 0.61 0.72 0.75 0.72 0.61 0.44 0.23 0.00
0.00 0.23 0.44 0.61 0.71 0.75 0.71 0.61 0.44 0.23 0.00
0.00 0.23 0.44 0.61 0.71 0.75 0.71 0.61 0.44 0.23 0.00
0.00 0.23 0.44 0.61 0.71 0.75 0.71 0.61 0.44 0.23 0.00
0.00 0.23 0.44 0.61 0.71 0.75 0.71 0.61 0.44 0.23 0.00
0.00 0.23 0.44 0.61 0.71 0.75 0.71 0.61 0.44 0.23 0.00
0.00 0.23 0.44 0.60 0.71 0.75 0.71 0.60 0.44 0.23 0.00
0.00 0.23 0.44 0.60 0.71 0.75 0.71 0.60 0.44 0.23 0.00
0.00 0.23 0.44 0.60 0.71 0.75 0.71 0.60 0.44 0.23 0.00
0.00 0.23 0.44 0.60 0.71 0.75 0.71 0.60 0.44 0.23 0.00
0.00 0.23 0.44 0.60 0.71 0.74 0.71 0.60 0.44 0.23 0.00
0.00 0.23 0.44 0.60 0.71 0.74 0.71 0.60 0.44 0.23 0.00
0.00 0.23 0.44 0.60 0.71 0.74 0.71 0.60 0.44 0.23 0.00
0.00 0.23 0.44 0.60 0.71 0.74 0.71 0.60 0.44 0.23 0.00
0.00 0.23 0.44 0.60 0.71 0.74 0.71 0.60 0.44 0.23 0.00
0.00 0.23 0.44 0.60 0.70 0.74 0.70 0.60 0.44 0.23 0.00
0.00 0.23 0.43 0.60 0.70 0.74 0.70 0.60 0.43 0.23 0.00
0.00 0.23 0.43 0.60 0.70 0.74 0.70 0.60 0.43 0.23 0.00
0.00 0.23 0.43 0.60 0.70 0.74 0.70 0.60 0.43 0.23 0.00
0.00 0.23 0.43 0.60 0.70 0.74 0.70 0.60 0.43 0.23 0.00
0.00 0.23 0.43 0.60 0.70 0.74 0.70 0.60 0.43 0.23 0.00
0.00 0.23 0.43 0.60 0.70 0.74 0.70 0.60 0.43 0.23 0.00
0.00 0.23 0.43 0.60 0.70 0.74 0.70 0.60 0.43 0.23 0.00
0.00 0.23 0.43 0.59 0.70 0.73 0.70 0.59 0.43 0.23 0.00
0.00 0.23 0.43 0.59 0.70 0.73 0.70 0.59 0.43 0.23 0.00
0.00 0.23 0.43 0.59 0.70 0.73 0.70 0.59 0.43 0.23 0.00
0.00 0.23 0.43 0.59 0.70 0.73 0.70 0.59 0.43 0.23 0.00
0.00 0.23 0.43 0.59 0.70 0.73 0.70 0.59 0.43 0.23 0.00
0.00 0.23 0.43 0.59 0.70 0.73 0.70 0.59 0.43 0.23 0.00
0.00 0.23 0.43 0.59 0.69 0.73 0.69 0.59 0.43 0.23 0.00
0.00 0.23 0.43 0.59 0.69 0.73 0.69 0.59 0.43 0.23 0.00
0.00 0.23 0.43 0.59 0.69 0.73 0.69 0.59 0.43 0.23 0.00
0.00 0.23 0.43 0.59 0.69 0.73 0.69 0.59 0.43 0.23 0.00
0.00 0.22 0.43 0.59 0.69 0.73 0.69 0.59 0.43 0.22 0.00
0.00 0.22 0.43 0.59 0.69 0.73 0.69 0.59 0.43 0.22 0.00
0.00 0.22 0.43 0.59 0.69 0.73 0.69 0.59 0.43 0.22 0.00
0.00 0.22 0.43 0.59 0.69 0.73 0.69 0.59 0.43 0.22 0.00
0.00 0.22 0.43 0.59 0.69 0.72 0.69 0.59 0.43 0.22 0.00
0.00 0.22 0.43 0.59 0.69 0.72 0.69 0.59 0.43 0.22 0.00
0.00 0.22 0.43 0.59 0.69 0.72 0.69 0.59 0.43 0.22 0.00
0.00 0.22 0.42 0.58 0.69 0.72 0.69 0.58 0.42 0.22 0.00
0.00 0.22 0.42 0.58 0.69 0.72 0.69 0.58 0.42 0.22 0.00
0.00 0.22 0.42 0.58 0.69 0.72 0.69 0.58 0.42 0.22 0.00
0.00 0.22 0.42 0.58 0.68 0.72 0.68 0.58 0.42 0.22 0.00
0.00 0.22 0.42 0.58 0.68 0.72 0.68 0.58 0.42 0.22 0.00
0.00 0.22 0.42 0.58 0.68 0.72 0.68 0.58 0.42 0.22 0.00
0.00 0.22 0.42 0.58 0.68 0.72 0.68 0.58 0.42 0.22 0.00
0.00 0.22 0.42 0.58 0.68 0.72 0.68 0.58 0.42 0.22 0.00
0.00 0.22 0.42 0.58 0.68 0.72 0.68 0.58 0.42 0.22 0.00
0.00 0.22 0.42 0.58 0.68 0.72 0.68 0.58 0.42 0.22 0.00
0.00 0.22 0.42 0.58 0.68 0.72 0.68 0.58 0.42 0.22 0.00
0.00 0.22 0.42 0.58 0.68 0.71 0.68 0.58 0.42 0.22 0.00
0.00 0.22 0.42 0.58 0.68 0.71 0.68 0.58 0.42 0.22 0.00
0.00 0.22 0.42 0.58 0.68 0.71 0.68 0.58 0.42 0.22 0.00
0.00 0.22 0.42 0.58 0.68 0.71 0.68 0.58 0.42 0.22 0.00
0.00 0.22 0.42 0.58 0.68 0.71 0.68 0.58 0.42 0.22 0.00
0.00 0.22 0.42 0.58 0.68 0.71 0.68 0.58 0.42 0.22 0.00
0.00 0.22 0.42 0.57 0.68 0.71 0.68 0.57 0.42 0.22 0.00
0.00 0.22 0.42 0.57 0.67 0.71 0.67 0.57 0.42 0.22 0.00
0.00 0.22 0.42 0.57 0.67 0.71 0.67 0.57 0.42 0.22 0.00
0.00 0.22 0.42 0.57 0.67 0.71 0.67 0.57 0.42 0.22 0.00
0.00 0.22 0.42 0.57 0.67 0.71 0.67 0.57 0.42 0.22 0.00
0.00 0.22 0.42 0.57 0.67 0.71 0.67 0.57 0.42 0.22 0.00
0.00 0.22 0.41 0.57 0.67 0.71 0.67 0.57 0.41 0.22 0.00
0.00 0.22 0.41 0.57 0.67 0.71 0.67 0.57 0.41 0.22 0.00
0.00 0.22 0.41 0.57 0.67 0.70 0.67 0.57 0.41 0.22 0.00
0.00 0.22 0.41 0.57 0.67 0.70 0.67 0.57 0.41 0.22 0.00
0.00 0.22 0.41 0.57 0.67 0.70 0.67 0.57 0.41 0.22 0.00
0.00 0.22 0.41 0.57 0.67 0.70 0.67 0.57 0.41 0.22 0.00
0.00 0.22 0.41 0.57 0.67 0.70 0.67 0.57 0.41 0.22 0.00
0.00 0.22 0.41 0.57 0.67 0.70 0.67 0.57 0.41 0.22 0.00
0.00 0.22 0.41 0.57 0.67 0.70 0.67 0.57 0.41 0.22 0.00
0.00 0.22 0.41 0.57 0.67 0.70 0.67 0.57 0.41 0.22 0.00
0.00 0.22 0.41 0.57 0.66 0.70 0.66 0.57 0.41 0.22 0.00
0.00 0.22 0.41 0.56 0.66 0.70 0.66 0.56 0.41 0.22 0.00
0.00 0.22 0.41 0.56 0.66 0.70 0.66 0.56 0.41 0.22 0.00
0.00 0.22 0.41 0.56 0.66 0.70 0.66 0.56 0.41 0.22 0.00
0.00 0.22 0.41 0.56 0.66 0.70 0.66 0.56 0.41 0.22 0.00
0.00 0.21 0.41 0.56 0.66 0.70 0.66 0.56 0.41 0.21 0.00
0.00 0.21 0.41 0.56 0.66 0.69 0.66 0.56 0.41 0.21 0.00
0.00 0.21 0.41 0.56 0.66 0.69 0.66 0.56 0.41 0.21 0.00
0.00 0.21 0.41 0.56 0.66 0.69 0.66 0.56 0.41 0.21 0.00
0.00 0.21 0.41 0.56 0.66 0.69 0.66 0.56 0.41 0.21 0.00
0.00 0.21 0.41 0.56 0.66 0.69 0.66 0.56 0.41 0.21 0.00
0.00 0.21 0.41 0.56 0.66 0.69 0.66 0.56 0.41 0.21 0.00
0.00 0.21 0.41 0.56 0.66 0.69 0.66 0.56 0.41 0.21 0.00
0.00 0.21 0.41 0.56 0.66 0.69 0.66 0.56 0.41 0.21 0.00
0.00 0.21 0.41 0.56 0.66 0.69 0.66 0.56 0.41 0.21 0.00
0.00 0.21 0.40 0.56 0.65 0.69 0.65 0.56 0.40 0.21 0.00
0.00 0.21 0.40 0.56 0.65 0.69 0.65 0.56 0.40 0.21 0.00
0.00 0.21 0.40 0.56 0.65 0.69 0.65 0.56 0.40 0.21 0.00
0.00 0.21 0.40 0.56 0.65 0.69 0.65 0.56 0.40 0.21 0.00
0.00 0.21 0.40 0.55 0.65 0.69 0.65 0.55 0.40 0.21 0.00
0.00 0.21 0.40 0.55 0.65 0.69 0.65 0.55 0.40 0.21 0.00
0.00 0.21 0.40 0.55 0.65 0.68 0.65 0.55 0.40 0.21 0.00
0.00 0.21 0.40 0.55 0.65 0.68 0.65 0.55 0.40 0.21 0.00
0.00 0.21 0.40 0.55 0.65 0.68 0.65 0.55 0.40 0.21 0.00
0.00 0.21 0.40 0.55 0.65 0.68 0.65 0.55 0.40 0.21 0.00
0.00 0.21 0.40 0.55 0.65 0.68 0.65 0.55 0.40 0.21 0.00
0.00 0.21 0.40 0.55 0.65 0.68 0.65 0.55 0.40 0.21 0.00
0.00 0.21 0.40 0.55 0.65 0.68 0.65 0.55 0.40 0.21 0.00
0.00 0.21 0.40 0.55 0.65 0.68 0.65 0.55 0.40 0.21 0.00
0.00 0.21 0.40 0.55 0.65 0.68 0.65 0.55 0.40 0.21 0.00
0.00 0.21 0.40 0.55 0.65 0.68 0.65 0.55 0.40 0.21 0.00
0.00 0.21 0.40 0.55 0.64 0.68 0.64 0.55 0.40 0.21 0.00
0.00 0.21 0.40 0.55 0.64 0.68 0.64 0.55 0.40 0.21 0.00
0.00 0.21 0.40 0.55 0.64 0.68 0.64 0.55 0.40 0.21 0.00
0.00 0.21 0.40 0.55 0.64 0.68 0.64 0.55 0.40 0.21 0.00
0.00 0.21 0.40 0.55 0.64 0.67 0.64 0.55 0.40 0.21 0.00
0.00 0.21 0.40 0.55 0.64 0.67 0.64 0.55 0.40 0.21 0.00
0.00 0.21 0.40 0.54 0.64 0.67 0.64 0.54 0.40 0.21 0.00
0.00 0.21 0.40 0.54 0.64 0.67 0.64 0.54 0.40 0.21 0.00
0.00 0.21 0.40 0.54 0.64 0.67 0.64 0.54 0.40 0.21 0.00
0.00 0.21 0.39 0.54 0.64 0.67 0.64 0.54 0.39 0.21 0.00
0.00 0.21 0.39 0.54 0.64 0.67 0.64 0.54 0.39 0.21 0.00
0.00 0.21 0.39 0.54 0.64 0.67 0.64 0.54 0.39 0.21 0.00
0.00 0.21 0.39 0.54 0.64 0.67 0.64 0.54 0.39 0.21 0.00
0.00 0.21 0.39 0.54 0.64 0.67 0.64 0.54 0.39 0.21 0.00
0.00 0.21 0.39 0.54 0.64 0.67 0.64 0.54 0.39 0.21 0.00
0.00 0.21 0.39 0.54 0.63 0.67 0.63 0.54 0.39 0.21 0.00
0.00 0.21 0.39 0.54 0.63 0.67 0.63 0.54 0.39 0.21 0.00
0.00 0.21 0.39 0.54 0.63 0.67 0.63 0.54 0.39 0.21 0.00
0.00 0.21 0.39 0.54 0.63 0.67 0.63 0.54 0.39 0.21 0.00
0.00 0.21 0.39 0.54 0.63 0.66 0.63 0.54 0.39 0.21 0.00
0.00 0.21 0.39 0.54 0.63 0.66 0.63 0.54 0.39 0.21 0.00
0.00 0.21 0.39 0.54 0.63 0.66 0.63 0.54 0.39 0.21 0.00
0.00 0.20 0.39 0.54 0.63 0.66 0.63 0.54 0.39 0.20 0.00
0.00 0.20 0.39 0.54 0.63 0.66 0.63 0.54 0.39 0.20 0.00
0.00 0.20 0.39 0.54 0.63 0.66 0.63 0.54 0.39 0.20 0.00
0.00 0.20 0.39 0.53 0.63 0.66 0.63 0.53 0.39 0.20 0.00
0.00 0.20 0.39 0.53 0.63 0.66 0.63 0.53 0.39 0.20 0.00
0.00 0.20 0.39 0.53 0.63 0.66 0.63 0.53 0.39 0.20 0.00
0.00 0.20 0.39 0.53 0.63 0.66 0.63 0.53 0.39 0.20 0.00
0.00 0.20 0.39 0.53 0.63 0.66 0.63 0.53 0.39 0.20 0.00
0.00 0.20 0.39 0.53 0.63 0.66 0.63 0.53 0.39 0.20 0.00
0.00 0.20 0.39 0.53 0.62 0.66 0.62 0.53 0.39 0.20 0.00
0.00 0.20 0.39 0.53 0.62 0.66 0.62 0.53 0.39 0.20 0.00
0.00 0.20 0.39 0.53 0.62 0.66 0.62 0.53 0.39 0.20 0.00
0.00 0.20 0.38 0.53 0.62 0.65 0.62 0.53 0.38 0.20 0.00
0.00 0.20 0.38 0.53 0.62 0.65 0.62 0.53 0.38 0.20 0.00
0.00 0.20 0.38 0.53 0.62 0.65 0.62 0.53 0.38 0.20 0.00
0.00 0.20 0.38 0.53 0.62 0.65 0.62 0.53 0.38 0.20 0.00
0.00 0.20 0.38 0.53 0.62 0.65 0.62 0.53 0.38 0.20 0.00
0.00 0.20 0.38 0.53 0.62 0.65 0.62 0.53 0.38 0.20 0.00
0.00 0.20 0.38 0.53 0.62 0.65 0.62 0.53 0.38 0.20 0.00
0.00 0.20 0.38 0.53 0.62 0.65 0.62 0.53 0.38 0.20 0.00
0.00 0.20 0.38 0.53 0.62 0.65 0.62 0.53 0.38 0.20 0.00
0.00 0.20 0.38 0.53 0.62 0.65 0.62 0.53 0.38 0.20 0.00
0.00 0.20 0.38 0.52 0.62 0.65 0.62 0.52 0.38 0.20 0.00
0.00 0.20 0.38 0.52 0.62 0.65 0.62 0.52 0.38 0.20 0.00
0.00 0.20 0.38 0.52 0.62 0.65 0.62 0.52 0.38 0.20 0.00
0.00 0.20 0.38 0.52 0.61 0.65 0.61 0.52 0.38 0.20 0.00
0.00 0.20 0.38 0.52 0.61 0.65 0.61 0.52 0.38 0.20 0.00
0.00 0.20 0.38 0.52 0.61 0.65 0.61 0.52 0.38 0.20 0.00
0.00 0.20 0.38 0.52 0.61 0.64 0.61 0.52 0.38 0.20 0.00
0.00 0.20 0.38 0.52 0.61 0.64 0.61 0.52 0.38 0.20 0.00
0.00 0.20 0.38 0.52 0.61 0.64 0.61 0.52 0.38 0.20 0.00
0.00 0.20 0.38 0.52 0.61 0.64 0.61 0.52 0.38 0.20 0.00
0.00 0.20 0.38 0.52 0.61 0.64 0.61 0.52 0.38 0.20 0.00
0.00 0.20 0.38 0.52 0.61 0.64 0.61 0.52 0.38 0.20 0.00
0.00 0.20 0.38 0.52 0.61 0.64 0.61 0.52 0.38 0.20 0.00
0.00 0.20 0.38 0.52 0.61 0.64 0.61 0.52 0.38 0.20 0.00
0.00 0.20 0.38 0.52 0.61 0.64 0.61 0.52 0.38 0.20 0.00
0.00 0.20 0.38 0.52 0.61 0.64 0.61 0.52 0.38 0.20 0.00
0.00 0.20 0.38 0.52 0.61 0.64 0.61 0.52 0.38 0.20 0.00
0.00 0.20 0.37 0.52 0.61 0.64 0.61 0.52 0.37 0.20 0.00
0.00 0.20 0.37 0.52 0.61 0.64 0.61 0.52 0.37 0.20 0.00
0.00 0.20 0.37 0.51 0.61 0.64 0.61 0.51 0.37 0.20 0.00
0.00 0.20 0.37 0.51 0.60 0.64 0.60 0.51 0.37 0.20 0.00
0.00 0.20 0.37 0.51 0.60 0.63 0.60 0.51 0.37 0.20 0.00
0.00 0.20 0.37 0.51 0.60 0.63 0.60 0.51 0.37 0.20 0.00
0.00 0.20 0.37 0.51 0.60 0.63 0.60 0.51 0.37 0.20 0.00
0.00 0.20 0.37 0.51 0.60 0.63 0.60 0.51 0.37 0.20 0.00
0.00 0.20 0.37 0.51 0.60 0.63 0.60 0.51 0.37 0.20 0.00
0.00 0.20 0.37 0.51 0.60 0.63 0.60 0.51 0.37 0.20 0.00
0.00 0.20 0.37 0.51 0.60 0.63 0.60 0.51 0.37 0.20 0.00
0.00 0.19 0.37 0.51 0.60 0.63 0.60 0.51 0.37 0.19 0.00
0.00 0.19 0.37 0.51 0.60 0.63 0.60 0.51 0.37 0.19 0.00
0.00 0.19 0.37 0.51 0.60 0.63 0.60 0.51 0.37 0.19 0.00
0.00 0.19 0.37 0.51 0.60 0.63 0.60 0.51 0.37 0.19 0.00
0.00 0.19 0.37 0.51 0.60 0.63 0.60 0.51 0.37 0.19 0.00
0.00 0.19 0.37 0.51 0.60 0.63 0.60 0.51 0.37 0.19 0.00
0.00 0.19 0.37 0.51 0.60 0.63 0.60 0.51 0.37 0.19 0.00
0.00 0.19 0.37 0.51 0.60 0.63 0.60 0.51 0.37 0.19 0.00
0.00 0.19 0.37 0.51 0.59 0.63 0.59 0.51 0.37 0.19 0.00
0.00 0.19 0.37 0.51 0.59 0.62 0.59 0.51 0.37 0.19 0.00
0.00 0.19 0.37 0.51 0.59 0.62 0.59 0.51 0.37 0.19 0.00
0.00 0.19 0.37 0.50 0.59 0.62 0.59 0.50 0.37 0.19 0.00
0.00 0.19 0.37 0.50 0.59 0.62 0.59 0.50 0.37 0.19 0.00
0.00 0.19 0.37 0.50 0.59 0.62 0.59 0.50 0.37 0.19 0.00
0.00 0.19 0.37 0.50 0.59 0.62 0.59 0.50 0.37 0.19 0.00
0.00 0.19 0.37 0.50 0.59 0.62 0.59 0.50 0.37 0.19 0.00
0.00 0.19 0.36 0.50 0.59 0.62 0.59 0.50 0.36 0.19 0.00
0.00 0.19 0.36 0.50 0.59 0.62 0.59 0.50 0.36 0.19 0.00
0.00 0.19 0.36 0.50 0.59 0.62 0.59 0.50 0.36 0.19 0.00
0.00 0.19 0.36 0.50 0.59 0.62 0.59 0.50 0.36 0.19 0.00
0.00 0.19 0.36 0.50 0.59 0.62 0.59 0.50 0.36 0.19 0.00
0.00 0.19 0.36 0.50 0.59 0.62 0.59 0.50 0.36 0.19 0.00
0.00 0.19 0.36 0.50 0.59 0.62 0.59 0.50 0.36 0.19 0.00
0.00 0.19 0.36 0.50 0.59 0.62 0.59 0.50 0.36 0.19 0.00
0.00 0.19 0.36 0.50 0.59 0.62 0.59 0.50 0.36 0.19 0.00
0.00 0.19 0.36 0.50 0.58 0.61 0.58 0.50 0.36 0.19 0.00
0.00 0.19 0.36 0.50 0.58 0.61 0.58 0.50 0.36 0.19 0.00
0.00 0.19 0.36 0.50 0.58 0.61 0.58 0.50 0.36 0.19 0.00
0.00 0.19 0.36 0.50 0.58 0.61 0.58 0.50 0.36 0.19 0.00
0.00 0.19 0.36 0.50 0.58 0.61 0.58 0.50 0.36 0.19 0.00
0.00 0.19 0.36 0.50 0.58 0.61 0.58 0.50 0.36 0.19 0.00
0.00 0.19 0.36 0.49 0.58 0.61 0.58 0.49 0.36 0.19 0.00
0.00 0.19 0.36 0.49 0.58 0.61 0.58 0.49 0.36 0.19 0.00
0.00 0.19 0.36 0.49 0.58 0.61 0.58 0.49 0.36 0.19 0.00
0.00 0.19 0.36 0.49 0.58 0.61 0.58 0.49 0.36 0.19 0.00
0.00 0.19 0.36 0.49 0.58 0.61 0.58 0.49 0.36 0.19 0.00
0.00 0.19 0.36 0.49 0.58 0.61 0.58 0.49 0.36 0.19 0.00
0.00 0.19 0.36 0.49 0.58 0.61 0.58 0.49 0.36 0.19 0.00
0.00 0.19 0.36 0.49 0.58 0.61 0.58 0.49 0.36 0.19 0.00
0.00 0.19 0.36 0.49 0.58 0.61 0.58 0.49 0.36 0.19 0.00
0.00 0.19 0.36 0.49 0.58 0.61 0.58 0.49 0.36 0.19 0.00
0.00 0.19 0.36 0.49 0.58 0.61 0.58 0.49 0.36 0.19 0.00
0.00 0.19 0.36 0.49 0.58 0.60 0.58 0.49 0.36 0.19 0.00
0.00 0.19 0.36 0.49 0.57 0.60 0.57 0.49 0.36 0.19 0.00
0.00 0.19 0.35 0.49 0.57 0.60 0.57 0.49 0.35 0.19 0.00
0.00 0.19 0.35 0.49 0.57 0.60 0.57 0.49 0.35 0.19 0.00
0.00 0.19 0.35 0.49 0.57 0.60 0.57 0.49 0.35 0.19 0.00
0.00 0.19 0.35 0.49 0.57 0.60 0.57 0.49 0.35 0.19 0.00
0.00 0.19 0.35 0.49 0.57 0.60 0.57 0.49 0.35 0.19 0.00
0.00 0.19 0.35 0.49 0.57 0.60 0.57 0.49 0.35 0.19 0.00
0.00 0.19 0.35 0.49 0.57 0.60 0.57 0.49 0.35 0.19 0.00
0.00 0.19 0.35 0.48 0.57 0.60 0.57 0.48 0.35 0.19 0.00
0.00 0.18 0.35 0.48 0.57 0.60 0.57 0.48 0.35 0.18 0.00
0.00 0.18 0.35 0.48 0.57 0.60 0.57 0.48 0.35 0.18 0.00
0.00 0.18 0.35 0.48 0.57 0.60 0.57 0.48 0.35 0.18 0.00
0.00 0.18 0.35 0.48 0.57 0.60 0.57 0.48 0.35 0.18 0.00
0.00 0.18 0.35 0.48 0.57 0.60 0.57 0.48 0.35 0.18 0.00
0.00 0.18 0.35 0.48 0.57 0.60 0.57 0.48 0.35 0.18 0.00
0.00 0.18 0.35 0.48 0.57 0.60 0.57 0.48 0.35 0.18 0.00
0.00 0.18 0.35 0.48 0.57 0.59 0.57 0.48 0.35 0.18 0.00
0.00 0.18 0.35 0.48 0.56 0.59 0.56 0.48 0.35 0.18 0.00
0.00 0.18 0.35 0.48 0.56 0.59 0.56 0.48 0.35 0.18 0.00
0.00 0.18 0.35 0.48 0.56 0.59 0.56 0.48 0.35 0.18 0.00
0.00 0.18 0.35 0.48 0.56 0.59 0.56 0.48 0.35 0.18 0.00
0.00 0.18 0.35 0.48 0.56 0.59 0.56 0.48 0.35 0.18 0.00
0.00 0.18 0.35 0.48 0.56 0.59 0.56 0.48 0.35 0.18 0.00
0.00 0.18 0.35 0.48 0.56 0.59 0.56 0.48 0.35 0.18 0.00
0.00 0.18 0.35 0.48 0.56 0.59 0.56 0.48 0.35 0.18 0.00
0.00 0.18 0.35 0.48 0.56 0.59 0.56 0.48 0.35 0.18 0.00
0.00 0.18 0.35 0.48 0.56 0.59 0.56 0.48 0.35 0.18 0.00
0.00 0.18 0.35 0.48 0.56 0.59 0.56 0.48 0.35 0.18 0.00
0.00 0.18 0.35 0.48 0.56 0.59 0.56 0.48 0.35 0.18 0.00
0.00 0.18 0.34 0.47 0.56 0.59 0.56 0.47 0.34 0.18 0.00
0.00 0.18 0.34 0.47 0.56 0.59 0.56 0.47 0.34 0.18 0.00
0.00 0.18 0.34 0.47 0.56 0.59 0.56 0.47 0.34 0.18 0.00
0.00 0.18 0.34 0.47 0.56 0.58 0.56 0.47 0.34 0.18 0.00
0.00 0.18 0.34 0.47 0.56 0.58 0.56 0.47 0.34 0.18 0.00
0.00 0.18 0.34 0.47 0.56 0.58 0.56 0.47 0.34 0.18 0.00
0.00 0.18 0.34 0.47 0.55 0.58 0.55 0.47 0.34 0.18 0.00
0.00 0.18 0.34 0.47 0.55 0.58 0.55 0.47 0.34 0.18 0.00
0.00 0.18 0.34 0.47 0.55 0.58 0.55 0.47 0.34 0.18 0.00
0.00 0.18 0.34 0.47 0.55 0.58 0.55 0.47 0.34 0.18 0.00
0.00 0.18 0.34 0.47 0.55 0.58 0.55 0.47 0.34 0.18 0.00
0.00 0.18 0.34 0.47 0.55 0.58 0.55 0.47 0.34 0.18 0.00
0.00 0.18 0.34 0.47 0.55 0.58 0.55 0.47 0.34 0.18 0.00
0.00 0.18 0.34 0.47 0.55 0.58 0.55 0.47 0.34 0.18 0.00
0.00 0.18 0.34 0.47 0.55 0.58 0.55 0.47 0.34 0.18 0.00
0.00 0.18 0.34 0.47 0.55 0.58 0.55 0.47 0.34 0.18 0.00
0.00 0.18 0.34 0.47 0.55 0.58 0.55 0.47 0.34 0.18 0.00
0.00 0.18 0.34 0.47 0.55 0.58 0.55 0.47 0.34 0.18 0.00
0.00 0.18 0.34 0.47 0.55 0.58 0.55 0.47 0.34 0.18 0.00
0.00 0.18 0.34 0.47 0.55 0.58 0.55 0.47 0.34 0.18 0.00
0.00 0.18 0.34 0.47 0.55 0.58 0.55 0.47 0.34 0.18 0.00
0.00 0.18 0.34 0.46 0.55 0.57 0.55 0.46 0.34 0.18 0.00
0.00 0.18 0.34 0.46 0.55 0.57 0.55 0.46 0.34 0.18 0.00
0.00 0.18 0.34 0.46 0.55 0.57 0.55 0.46 0.34 0.18 0.00
0.00 0.18 0.34 0.46 0.54 0.57 0.54 0.46 0.34 0.18 0.00
0.00 0.18 0.34 0.46 0.54 0.57 0.54 0.46 0.34 0.18 0.00
0.00 0.18 0.34 0.46 0.54 0.57 0.54 0.46 0.34 0.18 0.00
0.00 0.18 0.34 0.46 0.54 0.57 0.54 0.46 0.34 0.18 0.00
0.00 0.18 0.34 0.46 0.54 0.57 0.54 0.46 0.34 0.18 0.00
0.00 0.18 0.34 0.46 0.54 0.57 0.54 0.46 0.34 0.18 0.00
0.00 0.18 0.33 0.46 0.54 0.57 0.54 0.46 0.33 0.18 0.00
0.00 0.18 0.33 0.46 0.54 0.57 0.54 0.46 0.33 0.18 0.00
0.00 0.18 0.33 0.46 0.54 0.57 0.54 0.46 0.33 0.18 0.00
0.00 0.18 0.33 0.46 0.54 0.57 0.54 0.46 0.33 0.18 0.00
0.00 0.18 0.33 0.46 0.54 0.57 0.54 0.46 0.33 0.18 0.00
0.00 0.18 0.33 0.46 0.54 0.57 0.54 0.46 0.33 0.18 0.00
0.00 0.17 0.33 0.46 0.54 0.57 0.54 0.46 0.33 0.17 0.00
0.00 0.17 0.33 0.46 0.54 0.57 0.54 0.46 0.33 0.17 0.00
0.00 0.17 0.33 0.46 0.54 0.56 0.54 0.46 0.33 0.17 0.00
0.00 0.17 0.33 0.46 0.54 0.56 0.54 0.46 0.33 0.17 0.00
0.00 0.17 0.33 0.46 0.54 0.56 0.54 0.46 0.33 0.17 0.00
0.00 0.17 0.33 0.46 0.54 0.56 0.54 0.46 0.33 0.17 0.00
0.00 0.17 0.33 0.46 0.54 0.56 0.54 0.46 0.33 0.17 0.00
0.00 0.17 0.33 0.45 0.53 0.56 0.53 0.45 0.33 0.17 0.00
0.00 0.17 0.33 0.45 0.53 0.56 0.53 0.45 0.33 0.17 0.00
0.00 0.17 0.33 0.45 0.53 0.56 0.53 0.45 0.33 0.17 0.00
0.00 0.17 0.33 0.45 0.53 0.56 0.53 0.45 0.33 0.17 0.00
0.00 0.17 0.33 0.45 0.53 0.56 0.53 0.45 0.33 0.17 0.00
0.00 0.17 0.33 0.45 0.53 0.56 0.53 0.45 0.33 0.17 0.00
0.00 0.17 0.33 0.45 0.53 0.56 0.53 0.45 0.33 0.17 0.00
0.00 0.17 0.33 0.45 0.53 0.56 0.53 0.45 0.33 0.17 0.00
0.00 0.17 0.33 0.45 0.53 0.56 0.53 0.45 0.33 0.17 0.00
0.00 0.17 0.33 0.45 0.53 0.56 0.53 0.45 0.33 0.17 0.00
0.00 0.17 0.33 0.45 0.53 0.56 0.53 0.45 0.33 0.17 0.00
0.00 0.17 0.33 0.45 0.53 0.56 0.53 0.45 0.33 0.17 0.00
0.00 0.17 0.33 0.45 0.53 0.56 0.53 0.45 0.33 0.17 0.00
0.00 0.17 0.33 0.45 0.53 0.55 0.53 0.45 0.33 0.17 0.00
0.00 0.17 0.33 0.45 0.53 0.55 0.53 0.45 0.33 0.17 0.00
0.00 0.17 0.33 0.45 0.53 0.55 0.53 0.45 0.33 0.17 0.00
0.00 0.17 0.33 0.45 0.53 0.55 0.53 0.45 0.33 0.17 0.00
0.00 0.17 0.32 0.45 0.53 0.55 0.53 0.45 0.32 0.17 0.00
0.00 0.17 0.32 0.45 0.52 0.55 0.52 0.45 0.32 0.17 0.00
0.00 0.17 0.32 0.45 0.52 0.55 0.52 0.45 0.32 0.17 0.00
0.00 0.17 0.32 0.45 0.52 0.55 0.52 0.45 0.32 0.17 0.00
0.00 0.17 0.32 0.45 0.52 0.55 0.52 0.45 0.32 0.17 0.00
0.00 0.17 0.32 0.44 0.52 0.55 0.52 0.44 0.32 0.17 0.00
0.00 0.17 0.32 0.44 0.52 0.55 0.52 0.44 0.32 0.17 0.00
0.00 0.17 0.32 0.44 0.52 0.55 0.52 0.44 0.32 0.17 0.00
0.00 0.17 0.32 0.44 0.52 0.55 0.52 0.44 0.32 0.17 0.00
0.00 0.17 0.32 0.44 0.52 0.55 0.52 0.44 0.32 0.17 0.00
0.00 0.17 0.32 0.44 0.52 0.55 0.52 0.44 0.32 0.17 0.00
0.00 0.17 0.32 0.44 0.52 0.55 0.52 0.44 0.32 0.17 0.00
0.00 0.17 0.32 0.44 0.52 0.55 0.52 0.44 0.32 0.17 0.00
0.00 0.17 0.32 0.44 0.52 0.55 0.52 0.44 0.32 0.17 0.00
0.00 0.17 0.32 0.44 0.52 0.54 0.52 0.44 0.32 0.17 0.00
0.00 0.17 0.32 0.44 0.52 0.54 0.52 0.44 0.32 0.17 0.00
0.00 0.17 0.32 0.44 0.52 0.54 0.52 0.44 0.32 0.17 0.00
0.00 0.17 0.32 0.44 0.52 0.54 0.52 0.44 0.32 0.17 0.00
0.00 0.17 0.32 0.44 0.52 0.54 0.52 0.44 0.32 0.17 0.00
0.00 0.17 0.32 0.44 0.52 0.54 0.52 0.44 0.32 0.17 0.00
0.00 0.17 0.32 0.44 0.52 0.54 0.52 0.44 0.32 0.17 0.00
0.00 0.17 0.32 0.44 0.51 0.54 0.51 0.44 0.32 0.17 0.00
0.00 0.17 0.32 0.44 0.51 0.54 0.51 0.44 0.32 0.17 0.00
0.00 0.17 0.32 0.44 0.51 0.54 0.51 0.44 0.32 0.17 0.00
0.00 0.17 0.32 0.44 0.51 0.54 0.51 0.44 0.32 0.17 0.00
0.00 0.17 0.32 0.44 0.51 0.54 0.51 0.44 0.32 0.17 0.00
0.00 0.17 0.32 0.44 0.51 0.54 0.51 0.44 0.32 0.17 0.00
0.00 0.17 0.32 0.44 0.51 0.54 0.51 0.44 0.32 0.17 0.00
0.00 0.17 0.32 0.43 0.51 0.54 0.51 0.43 0.32 0.17 0.00
0.00 0.17 0.32 0.43 0.51 0.54 0.51 0.43 0.32 0.17 0.00
0.00 0.17 0.32 0.43 0.51 0.54 0.51 0.43 0.32 0.17 0.00
0.00 0.17 0.31 0.43 0.51 0.54 0.51 0.43 0.31 0.17 0.00
0.00 0.17 0.31 0.43 0.51 0.54 0.51 0.43 0.31 0.17 0.00
0.00 0.17 0.31 0.43 0.51 0.53 0.51 0.43 0.31 0.17 0.00
0.00 0.17 0.31 0.43 0.51 0.53 0.51 0.43 0.31 0.17 0.00
0.00 0.16 0.31 0.43 0.51 0.53 0.51 0.43 0.31 0.16 0.00
0.00 0.16 0.31 0.43 0.51 0.53 0.51 0.43 0.31 0.16 0.00
0.00 0.16 0.31 0.43 0.51 0.53 0.51 0.43 0.31 0.16 0.00
0.00 0.16 0.31 0.43 0.51 0.53 0.51 0.43 0.31 0.16 0.00
0.00 0.16 0.31 0.43 0.51 0.53 0.51 0.43 0.31 0.16 0.00
0.00 0.16 0.31 0.43 0.50 0.53 0.50 0.43 0.31 0.16 0.00
0.00 0.16 0.31 0.43 0.50 0.53 0.50 0.43 0.31 0.16 0.00
0.00 0.16 0.31 0.43 0.50 0.53 0.50 0.43 0.31 0.16 0.00
0.00 0.16 0.31 0.43 0.50 0.53 0.50 0.43 0.31 0.16 0.00
0.00 0.16 0.31 0.43 0.50 0.53 0.50 0.43 0.31 0.16 0.00
0.00 0.16 0.31 0.43 0.50 0.53 0.50 0.43 0.31 0.16 0.00
0.00 0.16 0.31 0.43 0.50 0.53 0.50 0.43 0.31 0.16 0.00
0.00 0.16 0.31 0.43 0.50 0.53 0.50 0.43 0.31 0.16 0.00
0.00 0.16 0.31 0.43 0.50 0.53 0.50 0.43 0.31 0.16 0.00
0.00 0.16 0.31 0.43 0.50 0.53 0.50 0.43 0.31 0.16 0.00
0.00 0.16 0.31 0.43 0.50 0.53 0.50 0.43 0.31 0.16 0.00
0.00 0.16 0.31 0.42 0.50 0.53 0.50 0.42 0.31 0.16 0.00
0.00 0.16 0.31 0.42 0.50 0.52 0.50 0.42 0.31 0.16 0.00
0.00 0.16 0.31 0.42 0.50 0.52 0.50 0.42 0.31 0.16 0.00
0.00 0.16 0.31 0.42 0.50 0.52 0.50 0.42 0.31 0.16 0.00
0.00 0.16 0.31 0.42 0.50 0.52 0.50 0.42 0.31 0.16 0.00
0.00 0.16 0.31 0.42 0.50 0.52 0.50 0.42 0.31 0.16 0.00
0.00 0.16 0.31 0.42 0.50 0.52 0.50 0.42 0.31 0.16 0.00
0.00 0.16 0.31 0.42 0.50 0.52 0.50 0.42 0.31 0.16 0.00
0.00 0.16 0.31 0.42 0.50 0.52 0.50 0.42 0.31 0.16 0.00
0.00 0.16 0.31 0.42 0.49 0.52 0.49 0.42 0.31 0.16 0.00
0.00 0.16 0.31 0.42 0.49 0.52 0.49 0.42 0.31 0.16 0.00
0.00 0.16 0.31 0.42 0.49 0.52 0.49 0.42 0.31 0.16 0.00
0.00 0.16 0.30 0.42 0.49 0.52 0.49 0.42 0.30 0.16 0.00
0.00 0.16 0.30 0.42 0.49 0.52 0.49 0.42 0.30 0.16 0.00
0.00 0.16 0.30 0.42 0.49 0.52 0.49 0.42 0.30 0.16 0.00
0.00 0.16 0.30 0.42 0.49 0.52 0.49 0.42 0.30 0.16 0.00
0.00 0.16 0.30 0.42 0.49 0.52 0.49 0.42 0.30 0.16 0.00
0.00 0.16 0.30 0.42 0.49 0.52 0.49 0.42 0.30 0.16 0.00
0.00 0.16 0.30 0.42 0.49 0.52 0.49 0.42 0.30 0.16 0.00
0.00 0.16 0.30 0.42 0.49 0.52 0.49 0.42 0.30 0.16 0.00
0.00 0.16 0.30 0.42 0.49 0.51 0.49 0.42 0.30 0.16 0.00
0.00 0.16 0.30 0.42 0.49 0.51 0.49 0.42 0.30 0.16 0.00
0.00 0.16 0.30 0.42 0.49 0.51 0.49 0.42 0.30 0.16 0.00
0.00 0.16 0.30 0.42 0.49 0.51 0.49 0.42 0.30 0.16 0.00
0.00 0.16 0.30 0.41 0.49 0.51 0.49 0.41 0.30 0.16 0.00
0.00 0.16 0.30 0.41 0.49 0.51 0.49 0.41 0.30 0.16 0.00
0.00 0.16 0.30 0.41 0.49 0.51 0.49 0.41 0.30 0.16 0.00
0.00 0.16 0.30 0.41 0.49 0.51 0.49 0.41 0.30 0.16 0.00
0.00 0.16 0.30 0.41 0.49 0.51 0.49 0.41 0.30 0.16 0.00
0.00 0.16 0.30 0.41 0.49 0.51 0.49 0.41 0.30 0.16 0.00
0.00 0.16 0.30 0.41 0.48 0.51 0.48 0.41 0.30 0.16 0.00
0.00 0.16 0.30 0.41 0.48 0.51 0.48 0.41 0.30 0.16 0.00
0.00 0.16 0.30 0.41 0.48 0.51 0.48 0.41 0.30 0.16 0.00
0.00 0.16 0.30 0.41 0.48 0.51 0.48 0.41 0.30 0.16 0.00
0.00 0.16 0.30 0.41 0.48 0.51 0.48 0.41 0.30 0.16 0.00
0.00 0.16 0.30 0.41 0.48 0.51 0.48 0.41 0.30 0.16 0.00
0.00 0.16 0.30 0.41 0.48 0.51 0.48 0.41 0.30 0.16 0.00
0.00 0.16 0.30 0.41 0.48 0.51 0.48 0.41 0.30 0.16 0.00
0.00 0.16 0.30 0.41 0.48 0.51 0.48 0.41 0.30 0.16 0.00
0.00 0.16 0.30 0.41 0.48 0.51 0.48 0.41 0.30 0.16 0.00
0.00 0.16 0.30 0.41 0.48 0.50 0.48 0.41 0.30 0.16 0.00
0.00 0.16 0.30 0.41 0.48 0.50 0.48 0.41 0.30 0.16 0.00
0.00 0.16 0.30 0.41 0.48 0.50 0.48 0.41 0.30 0.16 0.00
0.00 0.16 0.30 0.41 0.48 0.50 0.48 0.41 0.30 0.16 0.00
0.00 0.16 0.30 0.41 0.48 0.50 0.48 0.41 0.30 0.16 0.00
0.00 0.16 0.30 0.41 0.48 0.50 0.48 0.41 0.30 0.16 0.00
0.00 0.15 0.29 0.41 0.48 0.50 0.48 0.41 0.29 0.15 0.00
0.00 0.15 0.29 0.41 0.48 0.50 0.48 0.41 0.29 0.15 0.00
0.00 0.15 0.29 0.40 0.48 0.50 0.48 0.40 0.29 0.15 0.00
0.00 0.15 0.29 0.40 0.48 0.50 0.48 0.40 0.29 0.15 0.00
0.00 0.15 0.29 0.40 0.48 0.50 0.48 0.40 0.29 0.15 0.00
0.00 0.15 0.29 0.40 0.47 0.50 0.47 0.40 0.29 0.15 0.00
0.00 0.15 0.29 0.40 0.47 0.50 0.47 0.40 0.29 0.15 0.00
0.00 0.15 0.29 0.40 0.47 0.50 0.47 0.40 0.29 0.15 0.00
0.00 0.15 0.29 0.40 0.47 0.50 0.47 0.40 0.29 0.15 0.00
0.00 0.15 0.29 0.40 0.47 0.50 0.47 0.40 0.29 0.15 0.00
0.00 0.15 0.29 0.40 0.47 0.50 0.47 0.40 0.29 0.15 0.00
0.00 0.15 0.29 0.40 0.47 0.50 0.47 0.40 0.29 0.15 0.00
0.00 0.15 0.29 0.40 0.47 0.50 0.47 0.40 0.29 0.15 0.00
0.00 0.15 0.29 0.40 0.47 0.50 0.47 0.40 0.29 0.15 0.00
0.00 0.15 0.29 0.40 0.47 0.49 0.47 0.40 0.29 0.15 0.00
0.00 0.15 0.29 0.40 0.47 0.49 0.47 0.40 0.29 0.15 0.00
0.00 0.15 0.29 0.40 0.47 0.49 0.47 0.40 0.29 0.15 0.00
0.00 0.15 0.29 0.40 0.47 0.49 0.47 0.40 0.29 0.15 0.00
0.00 0.15 0.29 0.40 0.47 0.49 0.47 0.40 0.29 0.15 0.00
0.00 0.15 0.29 0.40 0.47 0.49 0.47 0.40 0.29 0.15 0.00
0.00 0.15 0.29 0.40 0.47 0.49 0.47 0.40 0.29 0.15 0.00
0.00 0.15 0.29 0.40 0.47 0.49 0.47 0.40 0.29 0.15 0.00
0.00 0.15 0.29 0.40 0.47 0.49 0.47 0.40 0.29 0.15 0.00
0.00 0.15 0.29 0.40 0.47 0.49 0.47 0.40 0.29 0.15 0.00
0.00 0.15 0.29 0.40 0.47 0.49 0.47 0.40 0.29 0.15 0.00
0.00 0.15 0.29 0.40 0.47 0.49 0.47 0.40 0.29 0.15 0.00
0.00 0.15 0.29 0.40 0.46 0.49 0.46 0.40 0.29 0.15 0.00
0.00 0.15 0.29 0.39 0.46 0.49 0.46 0.39 0.29 0.15 0.00
0.00 0.15 0.29 0.39 0.46 0.49 0.46 0.39 0.29 0.15 0.00
0.00 0.15 0.29 0.39 0.46 0.49 0.46 0.39 0.29 0.15 0.00
0.00 0.15 0.29 0.39 0.46 0.49 0.46 0.39 0.29 0.15 0.00
0.00 0.15 0.29 0.39 0.46 0.49 0.46 0.39 0.29 0.15 0.00
0.00 0.15 0.29 0.39 0.46 0.49 0.46 0.39 0.29 0.15 0.00
0.00 0.15 0.29 0.39 0.46 0.49 0.46 0.39 0.29 0.15 0.00
0.00 0.15 0.28 0.39 0.46 0.48 0.46 0.39 0.28 0.15 0.00
0.00 0.15 0.28 0.39 0.46 0.48 0.46 0.39 0.28 0.15 0.00
0.00 0.15 0.28 0.39 0.46 0.48 0.46 0.39 0.28 0.15 0.00
0.00 0.15 0.28 0.39 0.46 0.48 0.46 0.39 0.28 0.15 0.00
0.00 0.15 0.28 0.39 0.46 0.48 0.46 0.39 0.28 0.15 0.00
0.00 0.15 0.28 0.39 0.46 0.48 0.46 0.39 0.28 0.15 0.00
0.00 0.15 0.28 0.39 0.46 0.48 0.46 0.39 0.28 0.15 0.00
0.00 0.15 0.28 0.39 0.46 0.48 0.46 0.39 0.28 0.15 0.00
0.00 0.15 0.28 0.39 0.46 0.48 0.46 0.39 0.28 0.15 0.00
0.00 0.15 0.28 0.39 0.46 0.48 0.46 0.39 0.28 0.15 0.00
0.00 0.15 0.28 0.39 0.46 0.48 0.46 0.39 0.28 0.15 0.00
0.00 0.15 0.28 0.39 0.46 0.48 0.46 0.39 0.28 0.15 0.00
0.00 0.15 0.28 0.39 0.46 0.48 0.46 0.39 0.28 0.15 0.00
0.00 0.15 0.28 0.39 0.46 0.48 0.46 0.39 0.28 0.15 0.00
0.00 0.15 0.28 0.39 0.45 0.48 0.45 0.39 0.28 0.15 0.00
0.00 0.15 0.28 0.39 0.45 0.48 0.45 0.39 0.28 0.15 0.00
0.00 0.15 0.28 0.39 0.45 0.48 0.45 0.39 0.28 0.15 0.00
0.00 0.15 0.28 0.39 0.45 0.48 0.45 0.39 0.28 0.15 0.00
0.00 0.15 0.28 0.39 0.45 0.48 0.45 0.39 0.28 0.15 0.00
0.00 0.15 0.28 0.38 0.45 0.48 0.45 0.38 0.28 0.15 0.00
0.00 0.15 0.28 0.38 0.45 0.48 0.45 0.38 0.28 0.15 0.00
0.00 0.15 0.28 0.38 0.45 0.47 0.45 0.38 0.28 0.15 0.00
0.00 0.15 0.28 0.38 0.45 0.47 0.45 0.38 0.28 0.15 0.00
0.00 0.15 0.28 0.38 0.45 0.47 0.45 0.38 0.28 0.15 0.00
0.00 0.15 0.28 0.38 0.45 0.47 0.45 0.38 0.28 0.15 0.00
0.00 0.15 0.28 0.38 0.45 0.47 0.45 0.38 0.28 0.15 0.00
0.00 0.15 0.28 0.38 0.45 0.47 0.45 0.38 0.28 0.15 0.00
0.00 0.15 0.28 0.38 0.45 0.47 0.45 0.38 0.28 0.15 0.00
0.00 0.15 0.28 0.38 0.45 0.47 0.45 0.38 0.28 0.15 0.00
0.00 0.15 0.28 0.38 0.45 0.47 0.45 0.38 0.28 0.15 0.00
0.00 0.15 0.28 0.38 0.45 0.47 0.45 0.38 0.28 0.15 0.00
0.00 0.15 0.28 0.38 0.45 0.47 0.45 0.38 0.28 0.15 0.00
0.00 0.15 0.28 0.38 0.45 0.47 0.45 0.38 0.28 0.15 0.00
0.00 0.14 0.28 0.38 0.45 0.47 0.45 0.38 0.28 0.14 0.00
0.00 0.14 0.28 0.38 0.45 0.47 0.45 0.38 0.28 0.14 0.00
0.00 0.14 0.28 0.38 0.45 0.47 0.45 0.38 0.28 0.14 0.00
0.00 0.14 0.27 0.38 0.44 0.47 0.44 0.38 0.27 0.14 0.00
0.00 0.14 0.27 0.38 0.44 0.47 0.44 0.38 0.27 0.14 0.00
0.00 0.14 0.27 0.38 0.44 0.47 0.44 0.38 0.27 0.14 0.00
0.00 0.14 0.27 0.38 0.44 0.47 0.44 0.38 0.27 0.14 0.00
0.00 0.14 0.27 0.38 0.44 0.47 0.44 0.38 0.27 0.14 0.00
0.00 0.14 0.27 0.38 0.44 0.47 0.44 0.38 0.27 0.14 0.00
0.00 0.14 0.27 0.38 0.44 0.46 0.44 0.38 0.27 0.14 0.00
0.00 0.14 0.27 0.38 0.44 0.46 0.44 0.38 0.27 0.14 0.00
0.00 0.14 0.27 0.38 0.44 0.46 0.44 0.38 0.27 0.14 0.00
0.00 0.14 0.27 0.37 0.44 0.46 0.44 0.37 0.27 0.14 0.00
0.00 0.14 0.27 0.37 0.44 0.46 0.44 0.37 0.27 0.14 0.00
0.00 0.14 0.27 0.37 0.44 0.46 0.44 0.37 0.27 0.14 0.00
0.00 0.14 0.27 0.37 0.44 0.46 0.44 0.37 0.27 0.14 0.00
0.00 0.14 0.27 0.37 0.44 0.46 0.44 0.37 0.27 0.14 0.00
0.00 0.14 0.27 0.37 0.44 0.46 0.44 0.37 0.27 0.14 0.00
0.00 0.14 0.27 0.37 0.44 0.46 0.44 0.37 0.27 0.14 0.00
0.00 0.14 0.27 0.37 0.44 0.46 0.44 0.37 0.27 0.14 0.00
0.00 0.14 0.27 0.37 0.44 0.46 0.44 0.37 0.27 0.14 0.00
0.00 0.14 0.27 0.37 0.44 0.46 0.44 0.37 0.27 0.14 0.00
0.00 0.14 0.27 0.37 0.44 0.46 0.44 0.37 0.27 0.14 0.00
0.00 0.14 0.27 0.37 0.44 0.46 0.44 0.37 0.27 0.14 0.00
0.00 0.14 0.27 0.37 0.44 0.46 0.44 0.37 0.27 0.14 0.00
0.00 0.14 0.27 0.37 0.44 0.46 0.44 0.37 0.27 0.14 0.00
0.00 0.14 0.27 0.37 0.43 0.46 0.43 0.37 0.27 0.14 0.00
0.00 0.14 0.27 0.37 0.43 0.46 0.43 0.37 0.27 0.14 0.00
0.00 0.14 0.27 0.37 0.43 0.46 0.43 0.37 0.27 0.14 0.00
0.00 0.14 0.27 0.37 0.43 0.46 0.43 0.37 0.27 0.14 0.00
0.00 0.14 0.27 0.37 0.43 0.46 0.43 0.37 0.27 0.14 0.00
0.00 0.14 0.27 0.37 0.43 0.45 0.43 0.37 0.27 0.14 0.00
0.00 0.14 0.27 0.37 0.43 0.45 0.43 0.37 0.27 0.14 0.00
0.00 0.14 0.27 0.37 0.43 0.45 0.43 0.37 0.27 0.14 0.00
0.00 0.14 0.27 0.37 0.43 0.45 0.43 0.37 0.27 0.14 0.00
0.00 0.14 0.27 0.37 0.43 0.45 0.43 0.37 0.27 0.14 0.00
0.00 0.14 0.27 0.37 0.43 0.45 0.43 0.37 0.27 0.14 0.00
0.00 0.14 0.27 0.37 0.43 0.45 0.43 0.37 0.27 0.14 0.00
0.00 0.14 0.27 0.37 0.43 0.45 0.43 0.37 0.27 0.14 0.00
0.00 0.14 0.27 0.36 0.43 0.45 0.43 0.36 0.27 0.14 0.00
0.00 0.14 0.26 0.36 0.43 0.45 0.43 0.36 0.26 0.14 0.00
0.00 0.14 0.26 0.36 0.43 0.45 0.43 0.36 0.26 0.14 0.00
0.00 0.14 0.26 0.36 0.43 0.45 0.43 0.36 0.26 0.14 0.00
0.00 0.14 0.26 0.36 0.43 0.45 0.43 0.36 0.26 0.14 0.00
0.00 0.14 0.26 0.36 0.43 0.45 0.43 0.36 0.26 0.14 0.00
0.00 0.14 0.26 0.36 0.43 0.45 0.43 0.36 0.26 0.14 0.00
0.00 0.14 0.26 0.36 0.43 0.45 0.43 0.36 0.26 0.14 0.00
0.00 0.14 0.26 0.36 0.43 0.45 0.43 0.36 0.26 0.14 0.00
0.00 0.14 0.26 0.36 0.43 0.45 0.43 0.36 0.26 0.14 0.00
0.00 0.14 0.26 0.36 0.42 0.45 0.42 0.36 0.26 0.14 0.00
0.00 0.14 0.26 0.36 0.42 0.45 0.42 0.36 0.26 0.14 0.00
0.00 0.14 0.26 0.36 0.42 0.45 0.42 0.36 0.26 0.14 0.00
0.00 0.14 0.26 0.36 0.42 0.45 0.42 0.36 0.26 0.14 0.00
0.00 0.14 0.26 0.36 0.42 0.44 0.42 0.36 0.26 0.14 0.00
0.00 0.14 0.26 0.36 0.42 0.44 0.42 0.36 0.26 0.14 0.00
0.00 0.14 0.26 0.36 0.42 0.44 0.42 0.36 0.26 0.14 0.00
0.00 0.14 0.26 0.36 0.42 0.44 0.42 0.36 0.26 0.14 0.00
0.00 0.14 0.26 0.36 0.42 0.44 0.42 0.36 0.26 0.14 0.00
0.00 0.14 0.26 0.36 0.42 0.44 0.42 0.36 0.26 0.14 0.00
0.00 0.14 0.26 0.36 0.42 0.44 0.42 0.36 0.26 0.14 0.00
0.00 0.14 0.26 0.36 0.42 0.44 0.42 0.36 0.26 0.14 0.00
0.00 0.14 0.26 0.36 0.42 0.44 0.42 0.36 0.26 0.14 0.00
0.00 0.14 0.26 0.36 0.42 0.44 0.42 0.36 0.26 0.14 0.00
0.00 0.14 0.26 0.36 0.42 0.44 0.42 0.36 0.26 0.14 0.00
0.00 0.14 0.26 0.36 0.42 0.44 0.42 0.36 0.26 0.14 0.00
0.00 0.14 0.26 0.36 0.42 0.44 0.42 0.36 0.26 0.14 0.00
0.00 0.14 0.26 0.36 0.42 0.44 0.42 0.36 0.26 0.14 0.00
0.00 0.14 0.26 0.35 0.42 0.44 0.42 0.35 0.26 0.14 0.00
0.00 0.14 0.26 0.35 0.42 0.44 0.42 0.35 0.26 0.14 0.00
0.00 0.14 0.26 0.35 0.42 0.44 0.42 0.35 0.26 0.14 0.00
0.00 0.14 0.26 0.35 0.42 0.44 0.42 0.35 0.26 0.14 0.00
0.00 0.13 0.26 0.35 0.42 0.44 0.42 0.35 0.26 0.13 0.00
0.00 0.13 0.26 0.35 0.42 0.44 0.42 0.35 0.26 0.13 0.00
0.00 0.13 0.26 0.35 0.41 0.44 0.41 0.35 0.26 0.13 0.00
0.00 0.13 0.26 0.35 0.41 0.44 0.41 0.35 0.26 0.13 0.00
0.00 0.13 0.26 0.35 0.41 0.44 0.41 0.35 0.26 0.13 0.00
0.00 0.13 0.26 0.35 0.41 0.43 0.41 0.35 0.26 0.13 0.00
0.00 0.13 0.26 0.35 0.41 0.43 0.41 0.35 0.26 0.13 0.00
0.00 0.13 0.25 0.35 0.41 0.43 0.41 0.35 0.25 0.13 0.00
0.00 0.13 0.25 0.35 0.41 0.43 0.41 0.35 0.25 0.13 0.00
0.00 0.13 0.25 0.35 0.41 0.43 0.41 0.35 0.25 0.13 0.00
0.00 0.13 0.25 0.35 0.41 0.43 0.41 0.35 0.25 0.13 0.00
0.00 0.13 0.25 0.35 0.41 0.43 0.41 0.35 0.25 0.13 0.00
0.00 0.13 0.25 0.35 0.41 0.43 0.41 0.35 0.25 0.13 0.00
0.00 0.13 0.25 0.35 0.41 0.43 0.41 0.35 0.25 0.13 0.00
0.00 0.13 0.25 0.35 0.41 0.43 0.41 0.35 0.25 0.13 0.00
0.00 0.13 0.25 0.35 0.41 0.43 0.41 0.35 0.25 0.13 0.00
0.00 0.13 0.25 0.35 0.41 0.43 0.41 0.35 0.25 0.13 0.00
0.00 0.13 0.25 0.35 0.41 0.43 0.41 0.35 0.25 0.13 0.00
0.00 0.13 0.25 0.35 0.41 0.43 0.41 0.35 0.25 0.13 0.00
0.00 0.13 0.25 0.35 0.41 0.43 0.41 0.35 0.25 0.13 0.00
0.00 0.13 0.25 0.35 0.41 0.43 0.41 0.35 0.25 0.13 0.00
0.00 0.13 0.25 0.35 0.41 0.43 0.41 0.35 0.25 0.13 0.00
0.00 0.13 0.25 0.35 0.41 0.43 0.41 0.35 0.25 0.13 0.00
0.00 0.13 0.25 0.35 0.41 0.43 0.41 0.35 0.25 0.13 0.00
0.00 0.13 0.25 0.35 0.41 0.43 0.41 0.35 0.25 0.13 0.00
0.00 0.13 0.25 0.34 0.41 0.43 0.41 0.34 0.25 0.13 0.00
0.00 0.13 0.25 0.34 0.40 0.43 0.40 0.34 0.25 0.13 0.00
0.00 0.13 0.25 0.34 0.40 0.43 0.40 0.34 0.25 0.13 0.00
0.00 0.13 0.25 0.34 0.40 0.42 0.40 0.34 0.25 0.13 0.00
0.00 0.13 0.25 0.34 0.40 0.42 0.40 0.34 0.25 0.13 0.00
0.00 0.13 0.25 0.34 0.40 0.42 0.40 0.34 0.25 0.13 0.00
0.00 0.13 0.25 0.34 0.40 0.42 0.40 0.34 0.25 0.13 0.00
0.00 0.13 0.25 0.34 0.40 0.42 0.40 0.34 0.25 0.13 0.00
0.00 0.13 0.25 0.34 0.40 0.42 0.40 0.34 0.25 0.13 0.00
0.00 0.13 0.25 0.34 0.40 0.42 0.40 0.34 0.25 0.13 0.00
0.00 0.13 0.25 0.34 0.40 0.42 0.40 0.34 0.25 0.13 0.00
0.00 0.13 0.25 0.34 0.40 0.42 0.40 0.34 0.25 0.13 0.00
0.00 0.13 0.25 0.34 0.40 0.42 0.40 0.34 0.25 0.13 0.00
0.00 0.13 0.25 0.34 0.40 0.42 0.40 0.34 0.25 0.13 0.00
0.00 0.13 0.25 0.34 0.40 0.42 0.40 0.34 0.25 0.13 0.00
0.00 0.13 0.25 0.34 0.40 0.42 0.40 0.34 0.25 0.13 0.00
0.00 0.13 0.25 0.34 0.40 0.42 0.40 0.34 0.25 0.13 0.00
0.00 0.13 0.25 0.34 0.40 0.42 0.40 0.34 0.25 0.13 0.00
0.00 0.13 0.25 0.34 0.40 0.42 0.40 0.34 0.25 0.13 0.00
0.00 0.13 0.25 0.34 0.40 0.42 0.40 0.34 0.25 0.13 0.00
0.00 0.13 0.25 0.34 0.40 0.42 0.40 0.34 0.25 0.13 0.00
0.00 0.13 0.25 0.34 0.40 0.42 0.40 0.34 0.25 0.13 0.00
0.00 0.13 0.24 0.34 0.40 0.42 0.40 0.34 0.24 0.13 0.00
0.00 0.13 0.24 0.34 0.40 0.42 0.40 0.34 0.24 0.13 0.00
0.00 0.13 0.24 0.34 0.40 0.42 0.40 0.34 0.24 0.13 0.00
0.00 0.13 0.24 0.34 0.40 0.42 0.40 0.34 0.24 0.13 0.00
0.00 0.13 0.24 0.34 0.39 0.42 0.39 0.34 0.24 0.13 0.00
0.00 0.13 0.24 0.34 0.39 0.41 0.39 0.34 0.24 0.13 0.00
0.00 0.13 0.24 0.34 0.39 0.41 0.39 0.34 0.24 0.13 0.00
0.00 0.13 0.24 0.33 0.39 0.41 0.39 0.33 0.24 0.13 0.00
0.00 0.13 0.24 0.33 0.39 0.41 0.39 0.33 0.24 0.13 0.00
0.00 0.13 0.24 0.33 0.39 0.41 0.39 0.33 0.24 0.13 0.00
0.00 0.13 0.24 0.33 0.39 0.41 0.39 0.33 0.24 0.13 0.00
0.00 0.13 0.24 0.33 0.39 0.41 0.39 0.33 0.24 0.13 0.00
0.00 0.13 0.24 0.33 0.39 0.41 0.39 0.33 0.24 0.13 0.00
0.00 0.13 0.24 0.33 0.39 0.41 0.39 0.33 0.24 0.13 0.00
0.00 0.13 0.24 0.33 0.39 0.41 0.39 0.33 0.24 0.13 0.00
0.00 0.13 0.24 0.33 0.39 0.41 0.39 0.33 0.24 0.13 0.00
0.00 0.13 0.24 0.33 0.39 0.41 0.39 0.33 0.24 0.13 0.00
0.00 0.13 0.24 0.33 0.39 0.41 0.39 0.33 0.24 0.13 0.00
0.00 0.13 0.24 0.33 0.39 0.41 0.39 0.33 0.24 0.13 0.00
0.00 0.13 0.24 0.33 0.39 0.41 0.39 0.33 0.24 0.13 0.00
0.00 0.13 0.24 0.33 0.39 0.41 0.39 0.33 0.24 0.13 0.00
0.00 0.13 0.24 0.33 0.39 0.41 0.39 0.33 0.24 0.13 0.00
0.00 0.13 0.24 0.33 0.39 0.41 0.39 0.33 0.24 0.13 0.00
0.00 0.13 0.24 0.33 0.39 0.41 0.39 0.33 0.24 0.13 0.00
0.00 0.13 0.24 0.33 0.39 0.41 0.39 0.33 0.24 0.13 0.00
0.00 0.13 0.24 0.33 0.39 0.41 0.39 0.33 0.24 0.13 0.00
0.00 0.13 0.24 0.33 0.39 0.41 0.39 0.33 0.24 0.13 0.00
0.00 0.13 0.24 0.33 0.39 0.41 0.39 0.33 0.24 0.13 0.00
0.00 0.13 0.24 0.33 0.39 0.41 0.39 0.33 0.24 0.13 0.00
0.00 0.13 0.24 0.33 0.39 0.40 0.39 0.33 0.24 0.13 0.00
0.00 0.12 0.24 0.33 0.38 0.40 0.38 0.33 0.24 0.12 0.00
0.00 0.12 0.24 0.33 0.38 0.40 0.38 0.33 0.24 0.12 0.00
0.00 0.12 0.24 0.33 0.38 0.40 0.38 0.33 0.24 0.12 0.00
0.00 0.12 0.24 0.33 0.38 0.40 0.38 0.33 0.24 0.12 0.00
0.00 0.12 0.24 0.33 0.38 0.40 0.38 0.33 0.24 0.12 0.00
0.00 0.12 0.24 0.33 0.38 0.40 0.38 0.33 0.24 0.12 0.00
0.00 0.12 0.24 0.33 0.38 0.40 0.38 0.33 0.24 0.12 0.00
0.00 0.12 0.24 0.32 0.38 0.40 0.38 0.32 0.24 0.12 0.00
0.00 0.12 0.24 0.32 0.38 0.40 0.38 0.32 0.24 0.12 0.00
0.00 0.12 0.24 0.32 0.38 0.40 0.38 0.32 0.24 0.12 0.00
0.00 0.12 0.24 0.32 0.38 0.40 0.38 0.32 0.24 0.12 0.00
0.00 0.12 0.24 0.32 0.38 0.40 0.38 0.32 0.24 0.12 0.00
0.00 0.12 0.23 0.32 0.38 0.40 0.38 0.32 0.23 0.12 0.00
0.00 0.12 0.23 0.32 0.38 0.40 0.38 0.32 0.23 0.12 0.00
0.00 0.12 0.23 0.32 0.38 0.40 0.38 0.32 0.23 0.12 0.00
0.00 0.12 0.23 0.32 0.38 0.40 0.38 0.32 0.23 0.12 0.00
0.00 0.12 0.23 0.32 0.38 0.40 0.38 0.32 0.23 0.12 0.00
0.00 0.12 0.23 0.32 0.38 0.40 0.38 0.32 0.23 0.12 0.00
0.00 0.12 0.23 0.32 0.38 0.40 0.38 0.32 0.23 0.12 0.00
0.00 0.12 0.23 0.32 0.38 0.40 0.38 0.32 0.23 0.12 0.00
0.00 0.12 0.23 0.32 0.38 0.40 0.38 0.32 0.23 0.12 0.00
0.00 0.12 0.23 0.32 0.38 0.40 0.38 0.32 0.23 0.12 0.00
0.00 0.12 0.23 0.32 0.38 0.40 0.38 0.32 0.23 0.12 0.00
0.00 0.12 0.23 0.32 0.38 0.40 0.38 0.32 0.23 0.12 0.00
0.00 0.12 0.23 0.32 0.38 0.39 0.38 0.32 0.23 0.12 0.00
0.00 0.12 0.23 0.32 0.38 0.39 0.38 0.32 0.23 0.12 0.00
0.00 0.12 0.23 0.32 0.37 0.39 0.37 0.32 0.23 0.12 0.00
0.00 0.12 0.23 0.32 0.37 0.39 0.37 0.32 0.23 0.12 0.00
0.00 0.12 0.23 0.32 0.37 0.39 0.37 0.32 0.23 0.12 0.00
0.00 0.12 0.23 0.32 0.37 0.39 0.37 0.32 0.23 0.12 0.00
0.00 0.12 0.23 0.32 0.37 0.39 0.37 0.32 0.23 0.12 0.00
0.00 0.12 0.23 0.32 0.37 0.39 0.37 0.32 0.23 0.12 0.00
0.00 0.12 0.23 0.32 0.37 0.39 0.37 0.32 0.23 0.12 0.00
0.00 0.12 0.23 0.32 0.37 0.39 0.37 0.32 0.23 0.12 0.00
0.00 0.12 0.23 0.32 0.37 0.39 0.37 0.32 0.23 0.12 0.00
0.00 0.12 0.23 0.32 0.37 0.39 0.37 0.32 0.23 0.12 0.00
0.00 0.12 0.23 0.32 0.37 0.39 0.37 0.32 0.23 0.12 0.00
0.00 0.12 0.23 0.32 0.37 0.39 0.37 0.32 0.23 0.12 0.00
0.00 0.12 0.23 0.32 0.37 0.39 0.37 0.32 0.23 0.12 0.00
0.00 0.12 0.23 0.31 0.37 0.39 0.37 0.31 0.23 0.12 0.00
0.00 0.12 0.23 0.31 0.37 0.39 0.37 0.31 0.23 0.12 0.00
0.00 0.12 0.23 0.31 0.37 0.39 0.37 0.31 0.23 0.12 0.00
0.00 0.12 0.23 0.31 0.37 0.39 0.37 0.31 0.23 0.12 0.00
0.00 0.12 0.23 0.31 0.37 0.39 0.37 0.31 0.23 0.12 0.00
0.00 0.12 0.23 0.31 0.37 0.39 0.37 0.31 0.23 0.12 0.00
0.00 0.12 0.23 0.31 0.37 0.39 0.37 0.31 0.23 0.12 0.00
0.00 0.12 0.23 0.31 0.37 0.39 0.37 0.31 0.23 0.12 0.00
0.00 0.12 0.23 0.31 0.37 0.39 0.37 0.31 0.23 0.12 0.00
0.00 0.12 0.23 0.31 0.37 0.39 0.37 0.31 0.23 0.12 0.00
0.00 0.12 0.23 0.31 0.37 0.39 0.37 0.31 0.23 0.12 0.00
0.00 0.12 0.23 0.31 0.37 0.38 0.37 0.31 0.23 0.12 0.00
0.00 0.12 0.23 0.31 0.37 0.38 0.37 0.31 0.23 0.12 0.00
0.00 0.12 0.23 0.31 0.37 0.38 0.37 0.31 0.23 0.12 0.00
0.00 0.12 0.23 0.31 0.36 0.38 0.36 0.31 0.23 0.12 0.00
0.00 0.12 0.23 0.31 0.36 0.38 0.36 0.31 0.23 0.12 0.00
0.00 0.12 0.23 0.31 0.36 0.38 0.36 0.31 0.23 0.12 0.00
0.00 0.12 0.22 0.31 0.36 0.38 0.36 0.31 0.22 0.12 0.00
0.00 0.12 0.22 0.31 0.36 0.38 0.36 0.31 0.22 0.12 0.00
0.00 0.12 0.22 0.31 0.36 0.38 0.36 0.31 0.22 0.12 0.00
0.00 0.12 0.22 0.31 0.36 0.38 0.36 0.31 0.22 0.12 0.00
0.00 0.12 0.22 0.31 0.36 0.38 0.36 0.31 0.22 0.12 0.00
0.00 0.12 0.22 0.31 0.36 0.38 0.36 0.31 0.22 0.12 0.00
0.00 0.12 0.22 0.31 0.36 0.38 0.36 0.31 0.22 0.12 0.00
0.00 0.12 0.22 0.31 0.36 0.38 0.36 0.31 0.22 0.12 0.00
0.00 0.12 0.22 0.31 0.36 0.38 0.36 0.31 0.22 0.12 0.00
0.00 0.12 0.22 0.31 0.36 0.38 0.36 0.31 0.22 0.12 0.00
0.00 0.12 0.22 0.31 0.36 0.38 0.36 0.31 0.22 0.12 0.00
0.00 0.12 0.22 0.31 0.36 0.38 0.36 0.31 0.22 0.12 0.00
0.00 0.12 0.22 0.31 0.36 0.38 0.36 0.31 0.22 0.12 0.00
0.00 0.12 0.22 0.31 0.36 0.38 0.36 0.31 0.22 0.12 0.00
0.00 0.12 0.22 0.31 0.36 0.38 0.36 0.31 0.22 0.12 0.00
0.00 0.12 0.22 0.30 0.36 0.38 0.36 0.30 0.22 0.12 0.00
0.00 0.12 0.22 0.30 0.36 0.38 0.36 0.30 0.22 0.12 0.00
0.00 0.12 0.22 0.30 0.36 0.38 0.36 0.30 0.22 0.12 0.00
0.00 0.12 0.22 0.30 0.36 0.38 0.36 0.30 0.22 0.12 0.00
0.00 0.12 0.22 0.30 0.36 0.38 0.36 0.30 0.22 0.12 0.00
0.00 0.12 0.22 0.30 0.36 0.37 0.36 0.30 0.22 0.12 0.00
0.00 0.12 0.22 0.30 0.36 0.37 0.36 0.30 0.22 0.12 0.00
0.00 0.12 0.22 0.30 0.36 0.37 0.36 0.30 0.22 0.12 0.00
0.00 0.12 0.22 0.30 0.36 0.37 0.36 0.30 0.22 0.12 0.00
0.00 0.12 0.22 0.30 0.36 0.37 0.36 0.30 0.22 0.12 0.00
0.00 0.12 0.22 0.30 0.35 0.37 0.35 0.30 0.22 0.12 0.00
0.00 0.12 0.22 0.30 0.35 0.37 0.35 0.30 0.22 0.12 0.00
0.00 0.12 0.22 0.30 0.35 0.37 0.35 0.30 0.22 0.12 0.00
0.00 0.11 0.22 0.30 0.35 0.37 0.35 0.30 0.22 0.11 0.00
0.00 0.11 0.22 0.30 0.35 0.37 0.35 0.30 0.22 0.11 0.00
0.00 0.11 0.22 0.30 0.35 0.37 0.35 0.30 0.22 0.11 0.00
0.00 0.11 0.22 0.30 0.35 0.37 0.35 0.30 0.22 0.11 0.00
0.00 0.11 0.22 0.30 0.35 0.37 0.35 0.30 0.22 0.11 0.00
0.00 0.11 0.22 0.30 0.35 0.37 0.35 0.30 0.22 0.11 0.00
0.00 0.11 0.22 0.30 0.35 0.37 0.35 0.30 0.22 0.11 0.00
0.00 0.11 0.22 0.30 0.35 0.37 0.35 0.30 0.22 0.11 0.00
0.00 0.11 0.22 0.30 0.35 0.37 0.35 0.30 0.22 0.11 0.00
0.00 0.11 0.22 0.30 0.35 0.37 0.35 0.30 0.22 0.11 0.00
0.00 0.11 0.22 0.30 0.35 0.37 0.35 0.30 0.22 0.11 0.00
0.00 0.11 0.22 0.30 0.35 0.37 0.35 0.30 0.22 0.11 0.00
0.00 0.11 0.22 0.30 0.35 0.37 0.35 0.30 0.22 0.11 0.00
0.00 0.11 0.22 0.30 0.35 0.37 0.35 0.30 0.22 0.11 0.00
0.00 0.11 0.22 0.30 0.35 0.37 0.35 0.30 0.22 0.11 0.00
0.00 0.11 0.22 0.30 0.35 0.37 0.35 0.30 0.22 0.11 0.00
0.00 0.11 0.22 0.30 0.35 0.37 0.35 0.30 0.22 0.11 0.00
0.00 0.11 0.21 0.30 0.35 0.37 0.35 0.30 0.21 0.11 0.00
0.00 0.11 0.21 0.30 0.35 0.37 0.35 0.30 0.21 0.11 0.00
0.00 0.11 0.21 0.30 0.35 0.36 0.35 0.30 0.21 0.11 0.00
0.00 0.11 0.21 0.29 0.35 0.36 0.35 0.29 0.21 0.11 0.00
0.00 0.11 0.21 0.29 0.35 0.36 0.35 0.29 0.21 0.11 0.00
0.00 0.11 0.21 0.29 0.35 0.36 0.35 0.29 0.21 0.11 0.00
0.00 0.11 0.21 0.29 0.35 0.36 0.35 0.29 0.21 0.11 0.00
0.00 0.11 0.21 0.29 0.35 0.36 0.35 0.29 0.21 0.11 0.00
0.00 0.11 0.21 0.29 0.34 0.36 0.34 0.29 0.21 0.11 0.00
0.00 0.11 0.21 0.29 0.34 0.36 0.34 0.29 0.21 0.11 0.00
0.00 0.11 0.21 0.29 0.34 0.36 0.34 0.29 0.21 0.11 0.00
0.00 0.11 0.21 0.29 0.34 0.36 0.34 0.29 0.21 0.11 0.00
0.00 0.11 0.21 0.29 0.34 0.36 0.34 0.29 0.21 0.11 0.00
0.00 0.11 0.21 0.29 0.34 0.36 0.34 0.29 0.21 0.11 0.00
0.00 0.11 0.21 0.29 0.34 0.36 0.34 0.29 0.21 0.11 0.00
0.00 0.11 0.21 0.29 0.34 0.36 0.34 0.29 0.21 0.11 0.00
0.00 0.11 0.21 0.29 0.34 0.36 0.34 0.29 0.21 0.11 0.00
0.00 0.11 0.21 0.29 0.34 0.36 0.34 0.29 0.21 0.11 0.00
0.00 0.11 0.21 0.29 0.34 0.36 0.34 0.29 0.21 0.11 0.00
0.00 0.11 0.21 0.29 0.34 0.36 0.34 0.29 0.21 0.11 0.00
0.00 0.11 0.21 0.29 0.34 0.36 0.34 0.29 0.21 0.11 0.00
0.00 0.11 0.21 0.29 0.34 0.36 0.34 0.29 0.21 0.11 0.00
0.00 0.11 0.21 0.29 0.34 0.36 0.34 0.29 0.21 0.11 0.00
0.00 0.11 0.21 0.29 0.34 0.36 0.34 0.29 0.21 0.11 0.00
0.00 0.11 0.21 0.29 0.34 0.36 0.34 0.29 0.21 0.11 0.00
0.00 0.11 0.21 0.29 0.34 0.36 0.34 0.29 0.21 0.11 0.00
0.00 0.11 0.21 0.29 0.34 0.36 0.34 0.29 0.21 0.11 0.00
0.00 0.11 0.21 0.29 0.34 0.36 0.34 0.29 0.21 0.11 0.00
0.00 0.11 0.21 0.29 0.34 0.36 0.34 0.29 0.21 0.11 0.00
0.00 0.11 0.21 0.29 0.34 0.36 0.34 0.29 0.21 0.11 0.00
0.00 0.11 0.21 0.29 0.34 0.35 0.34 0.29 0.21 0.11 0.00
0.00 0.11 0.21 0.29 0.34 0.35 0.34 0.29 0.21 0.11 0.00
0.00 0.11 0.21 0.29 0.34 0.35 0.34 0.29 0.21 0.11 0.00
0.00 0.11 0.21 0.29 0.34 0.35 0.34 0.29 0.21 0.11 0.00
0.00 0.11 0.21 0.29 0.34 0.35 0.34 0.29 0.21 0.11 0.00
0.00 0.11 0.21 0.29 0.34 0.35 0.34 0.29 0.21 0.11 0.00
0.00 0.11 0.21 0.29 0.34 0.35 0.34 0.29 0.21 0.11 0.00
0.00 0.11 0.21 0.29 0.34 0.35 0.34 0.29 0.21 0.11 0.00
0.00 0.11 0.21 0.28 0.33 0.35 0.33 0.28 0.21 0.11 0.00
0.00 0.11 0.21 0.28 0.33 0.35 0.33 0.28 0.21 0.11 0.00
0.00 0.11 0.21 0.28 0.33 0.35 0.33 0.28 0.21 0.11 0.00
0.00 0.11 0.21 0.28 0.33 0.35 0.33 0.28 0.21 0.11 0.00
0.00 0.11 0.21 0.28 0.33 0.35 0.33 0.28 0.21 0.11 0.00
0.00 0.11 0.21 0.28 0.33 0.35 0.33 0.28 0.21 0.11 0.00
0.00 0.11 0.21 0.28 0.33 0.35 0.33 0.28 0.21 0.11 0.00
0.00 0.11 0.21 0.28 0.33 0.35 0.33 0.28 0.21 0.11 0.00
0.00 0.11 0.21 0.28 0.33 0.35 0.33 0.28 0.21 0.11 0.00
0.00 0.11 0.21 0.28 0.33 0.35 0.33 0.28 0.21 0.11 0.00
0.00 0.11 0.20 0.28 0.33 0.35 0.33 0.28 0.20 0.11 0.00
0.00 0.11 0.20 0.28 0.33 0.35 0.33 0.28 0.20 0.11 0.00
0.00 0.11 0.20 0.28 0.33 0.35 0.33 0.28 0.20 0.11 0.00
0.00 0.11 0.20 0.28 0.33 0.35 0.33 0.28 0.20 0.11 0.00
0.00 0.11 0.20 0.28 0.33 0.35 0.33 0.28 0.20 0.11 0.00
0.00 0.11 0.20 0.28 0.33 0.35 0.33 0.28 0.20 0.11 0.00
0.00 0.11 0.20 0.28 0.33 0.35 0.33 0.28 0.20 0.11 0.00
0.00 0.11 0.20 0.28 0.33 0.35 0.33 0.28 0.20 0.11 0.00
0.00 0.11 0.20 0.28 0.33 0.35 0.33 0.28 0.20 0.11 0.00
0.00 0.11 0.20 0.28 0.33 0.35 0.33 0.28 0.20 0.11 0.00
0.00 0.11 0.20 0.28 0.33 0.35 0.33 0.28 0.20 0.11 0.00
0.00 0.11 0.20 0.28 0.33 0.34 0.33 0.28 0.20 0.11 0.00
0.00 0.11 0.20 0.28 0.33 0.34 0.33 0.28 0.20 0.11 0.00
0.00 0.11 0.20 0.28 0.33 0.34 0.33 0.28 0.20 0.11 0.00
0.00 0.11 0.20 0.28 0.33 0.34 0.33 0.28 0.20 0.11 0.00
0.00 0.11 0.20 0.28 0.33 0.34 0.33 0.28 0.20 0.11 0.00
0.00 0.11 0.20 0.28 0.33 0.34 0.33 0.28 0.20 0.11 0.00
0.00 0.11 0.20 0.28 0.33 0.34 0.33 0.28 0.20 0.11 0.00
0.00 0.11 0.20 0.28 0.33 0.34 0.33 0.28 0.20 0.11 0.00
0.00 0.11 0.20 0.28 0.33 0.34 0.33 0.28 0.20 0.11 0.00
0.00 0.11 0.20 0.28 0.32 0.34 0.32 0.28 0.20 0.11 0.00
0.00 0.11 0.20 0.28 0.32 0.34 0.32 0.28 0.20 0.11 0.00
0.00 0.11 0.20 0.28 0.32 0.34 0.32 0.28 0.20 0.11 0.00
0.00 0.11 0.20 0.28 0.32 0.34 0.32 0.28 0.20 0.11 0.00
0.00 0.11 0.20 0.28 0.32 0.34 0.32 0.28 0.20 0.11 0.00
0.00 0.11 0.20 0.27 0.32 0.34 0.32 0.27 0.20 0.11 0.00
0.00 0.10 0.20 0.27 0.32 0.34 0.32 0.27 0.20 0.10 0.00
0.00 0.10 0.20 0.27 0.32 0.34 0.32 0.27 0.20 0.10 0.00
0.00 0.10 0.20 0.27 0.32 0.34 0.32 0.27 0.20 0.10 0.00
0.00 0.10 0.20 0.27 0.32 0.34 0.32 0.27 0.20 0.10 0.00
0.00 0.10 0.20 0.27 0.32 0.34 0.32 0.27 0.20 0.10 0.00
0.00 0.10 0.20 0.27 0.32 0.34 0.32 0.27 0.20 0.10 0.00
0.00 0.10 0.20 0.27 0.32 0.34 0.32 0.27 0.20 0.10 0.00
0.00 0.10 0.20 0.27 0.32 0.34 0.32 0.27 0.20 0.10 0.00
0.00 0.10 0.20 0.27 0.32 0.34 0.32 0.27 0.20 0.10 0.00
0.00 0.10 0.20 0.27 0.32 0.34 0.32 0.27 0.20 0.10 0.00
0.00 0.10 0.20 0.27 0.32 0.34 0.32 0.27 0.20 0.10 0.00
0.00 0.10 0.20 0.27 0.32 0.34 0.32 0.27 0.20 0.10 0.00
0.00 0.10 0.20 0.27 0.32 0.34 0.32 0.27 0.20 0.10 0.00
0.00 0.10 0.20 0.27 0.32 0.34 0.32 0.27 0.20 0.10 0.00
0.00 0.10 0.20 0.27 0.32 0.33 0.32 0.27 0.20 0.10 0.00
0.00 0.10 0.20 0.27 0.32 0.33 0.32 0.27 0.20 0.10 0.00
0.00 0.10 0.20 0.27 0.32 0.33 0.32 0.27 0.20 0.10 0.00
0.00 0.10 0.20 0.27 0.32 0.33 0.32 0.27 0.20 0.10 0.00
0.00 0.10 0.20 0.27 0.32 0.33 0.32 0.27 0.20 0.10 0.00
0.00 0.10 0.20 0.27 0.32 0.33 0.32 0.27 0.20 0.10 0.00
0.00 0.10 0.20 0.27 0.32 0.33 0.32 0.27 0.20 0.10 0.00
0.00 0.10 0.20 0.27 0.32 0.33 0.32 0.27 0.20 0.10 0.00
0.00 0.10 0.20 0.27 0.32 0.33 0.32 0.27 0.20 0.10 0.00
0.00 0.10 0.20 0.27 0.32 0.33 0.32 0.27 0.20 0.10 0.00
0.00 0.10 0.19 0.27 0.32 0.33 0.32 0.27 0.19 0.10 0.00
0.00 0.10 0.19 0.27 0.31 0.33 0.31 0.27 0.19 0.10 0.00
0.00 0.10 0.19 0.27 0.31 0.33 0.31 0.27 0.19 0.10 0.00
0.00 0.10 0.19 0.27 0.31 0.33 0.31 0.27 0.19 0.10 0.00
0.00 0.10 0.19 0.27 0.31 0.33 0.31 0.27 0.19 0.10 0.00
0.00 0.10 0.19 0.27 0.31 0.33 0.31 0.27 0.19 0.10 0.00
0.00 0.10 0.19 0.27 0.31 0.33 0.31 0.27 0.19 0.10 0.00
0.00 0.10 0.19 0.27 0.31 0.33 0.31 0.27 0.19 0.10 0.00
0.00 0.10 0.19 0.27 0.31 0.33 0.31 0.27 0.19 0.10 0.00
0.00 0.10 0.19 0.27 0.31 0.33 0.31 0.27 0.19 0.10 0.00
0.00 0.10 0.19 0.27 0.31 0.33 0.31 0.27 0.19 0.10 0.00
0.00 0.10 0.19 0.27 0.31 0.33 0.31 0.27 0.19 0.10 0.00
0.00 0.10 0.19 0.26 0.31 0.33 0.31 0.26 0.19 0.10 0.00
0.00 0.10 0.19 0.26 0.31 0.33 0.31 0.26 0.19 0.10 0.00
0.00 0.10 0.19 0.26 0.31 0.33 0.31 0.26 0.19 0.10 0.00
0.00 0.10 0.19 0.26 0.31 0.33 0.31 0.26 0.19 0.10 0.00
0.00 0.10 0.19 0.26 0.31 0.33 0.31 0.26 0.19 0.10 0.00
0.00 0.10 0.19 0.26 0.31 0.33 0.31 0.26 0.19 0.10 0.00
0.00 0.10 0.19 0.26 0.31 0.33 0.31 0.26 0.19 0.10 0.00
0.00 0.10 0.19 0.26 0.31 0.33 0.31 0.26 0.19 0.10 0.00
0.00 0.10 0.19 0.26 0.31 0.32 0.31 0.26 0.19 0.10 0.00
0.00 0.10 0.19 0.26 0.31 0.32 0.31 0.26 0.19 0.10 0.00
0.00 0.10 0.19 0.26 0.31 0.32 0.31 0.26 0.19 0.10 0.00
0.00 0.10 0.19 0.26 0.31 0.32 0.31 0.26 0.19 0.10 0.00
0.00 0.10 0.19 0.26 0.31 0.32 0.31 0.26 0.19 0.10 0.00
