1.00 0.00 0.00 0.00 0.00 0.00 0.00 0.00 0.00 0.00 0.00
0.00 0.07 0.02 0.00 0.00 0.00 0.00 0.00 0.00 0.00 0.00
0.00 0.02 0.07 0.02 0.00 0.00 0.00 0.00 0.00 0.00 0.00
0.00 0.00 0.02 0.07 0.02 0.00 0.00 0.00 0.00 0.00 0.00
0.00 0.00 0.00 0.02 0.07 0.02 0.00 0.00 0.00 0.00 0.00
0.00 0.00 0.00 0.00 0.02 0.07 0.02 0.00 0.00 0.00 0.00
0.00 0.00 0.00 0.00 0.00 0.02 0.07 0.02 0.00 0.00 0.00
0.00 0.00 0.00 0.00 0.00 0.00 0.02 0.07 0.02 0.00 0.00
0.00 0.00 0.00 0.00 0.00 0.00 0.00 0.02 0.07 0.02 0.00
0.00 0.00 0.00 0.00 0.00 0.00 0.00 0.00 0.02 0.07 0.00
0.00 0.00 0.00 0.00 0.00 0.00 0.00 0.00 0.00 0.00 1.00
